0 0.115625 0.33984375 0.10078125 0.17578125
0 0.234375 0.36640625 0.1078125 0.228125
0 0.36796875 0.3546875 0.09140625 0.2140625
0 0.49140625 0.3484375 0.09375 0.21640625
0 0.6 0.3484375 0.09375 0.20703125
0 0.72109375 0.3609375 0.09140625 0.20703125
0 0.94921875 0.34375 0.08671875 0.2015625
0 0.86796875 0.46640625 0.14453125 0.20703125
0 0.54296875 0.58046875 0.2359375 0.103125
0 0.5734375 0.7203125 0.24296875 0.09375
0 0.8453125 0.71875 0.25234375 0.08671875
0 0.084375 0.78828125 0.16796875 0.09140625
0 0.078125 0.91328125 0.15625 0.09609375