0 0.10573655680956687 0.3411891686823629 0.10589596199505165 0.17695394601368122
0 0.22371366699698125 0.36913345003181675 0.11445025956691149 0.22937951201463572
0 0.3576483977966514 0.35896920404995225 0.09763483260730732 0.2151261080124085
0 0.48126775422314216 0.35415552940004236 0.1000467787672413 0.21749713001272664
0 0.5898615042231421 0.3554191320814508 0.09977399412750536 0.20812213001272672
0 0.7105915413701606 0.3693281854312228 0.09743024412750537 0.2080948580124085
0 0.9392166465430101 0.3547951601288577 0.09258361975432586 0.20257156401177215
0 0.8543977141731297 0.4765059807844946 0.15055524412750537 0.20871302335295372
0 0.5260788343896741 0.5867867634070421 0.23893813103709682 0.10587038136536223
0 0.552478546846944 0.7269850494111783 0.24569659639736088 0.09657719736631662
0 0.8243990109535666 0.7285861014480857 0.25486700791755873 0.08965503536758934
0 0.07337627916378539 0.7892630420114541 0.14675255832757078 0.09336074335613524
0 0.06553712547884516 0.9141903166772721 0.13107425095769032 0.09791188335454422