0 0.13938918999642738 0.3405164365718917 0.11307307241194517 0.1763675781606353
0 0.25999662093867687 0.3677698038619427 0.12376455397461328 0.2287522347764936
0 0.3927709161112139 0.35682827956325 0.10637495818165768 0.21459428600615765
0 0.515771373536567 0.3512964179305398 0.10888259914715022 0.2169516715447771
0 0.6243651235365669 0.3519281978865732 0.10822703528517988 0.20757667154477702
0 0.7463329586858608 0.36513270071524356 0.10588328528517987 0.20756303600615764
0 0.9614247025447 0.3492723931408678 0.07715059491060003 0.20206701492891882
0 0.9005830521330278 0.4714559444687277 0.15900828528518005 0.20787210821486463
0 0.5835590791203346 0.5836276497801671 0.24314870248167447 0.10449764422102223
0 0.6238066567280598 0.7236486617822198 0.24952438861970413 0.09516355083688062
0 0.8831842691113925 0.7236678842620732 0.23363146177721497 0.08818684299135829
0 0.1394969947273453 0.7887721293902994 0.17436049765421152 0.09238346360105894
0 0.14198784622028413 0.9137357679539809 0.16296952958519673 0.09700278590796181