0 0.18634822203213489 0.23458244330841022 0.21520792401336303 0.10092834269572597
0 0.2008005260184537 0.13361937997295578 0.24171588001272665 0.09654992536599849
0 0.49311529535327187 0.14115697059995763 0.2244465640117721 0.0893186806969986
0 0.44285276070177104 0.2534757046069573 0.24166133601209036 0.09186242536599849
0 0.6296544213876338 0.39272746658182206 0.20890392735518085 0.16334652669477148
0 0.6761487080680878 0.49376270790900423 0.21359142735518083 0.16340107069540774
0 0.7210986760820871 0.5963786305697317 0.17966132268458992 0.13410392202418073
0 0.7294571634309046 0.7103593145687772 0.22779937802354447 0.17606470269731672
0 0.7193929147835401 0.8526831745703681 0.23225961135422626 0.1565879966979531
0 0.5534431733370453 0.024662003302046896 0.18501134667409058 0.04932400660409379
0 0.3167244233370453 0.026152872652773367 0.22407384667409058 0.052305745305546734
0 0.07841590133672711 0.025 0.15683180267345423 0.05