0 0.1725683970234626 0.23458244330841022 0.21864730024766904 0.10092834269572597
0 0.19288735918179042 0.13361937997295578 0.24499147642635144 0.09654992536599849
0 0.4845654369320494 0.14115697059995763 0.22747649069437514 0.0893186806969986
0 0.4277995525239806 0.2534757046069573 0.24477315260503385 0.09186242536599849
0 0.6063697005809005 0.39272746658182206 0.2145270345319034 0.16334652669477148
0 0.6469518511190199 0.49376270790900423 0.21921453453190337 0.16340107069540774
0 0.6858987270500332 0.5963786305697317 0.184274454300445 0.13410392202418073
0 0.6876174307313055 0.7103593145687772 0.23385923138875028 0.17606470269731672
0 0.6692761914846725 0.8526831745703681 0.2376370487999271 0.1565879966979531
0 0.5518514443756475 0.024662003302046896 0.18692211124870503 0.04932400660409379
0 0.3151326943756475 0.026152872652773367 0.22598461124870503 0.052305745305546734
0 0.078125 0.025 0.15625 0.05