0 0.3966934243858146 0.50390625 0.1562249194377568 0.0796875
0 0.395533055818623 0.759375 0.14896634890464328 0.071875
0 0.40366145605604986 0.85078125 0.15806856426490726 0.0625
0 0.4050313909332129 0.9515625 0.14101745658477535 0.0671875
0 0.7155881768930972 0.48203125 0.14138116943775678 0.0796875
0 0.725923934810656 0.56875 0.1512419027447091 0.06953125
0 0.7241006735278848 0.6671875 0.16061690274470947 0.06953125
0 0.7275415737653117 0.75859375 0.15840954506457744 0.07421875
0 0.8549067411580044 0.54453125 0.06745558762187223 0.1703125
0 0.9103778396669362 0.4640625 0.056193827197031254 0.10546875
0 0.9724679351739465 0.5140625 0.05506412965210714 0.16796875
0 0.855538541632858 0.72734375 0.06276808762187222 0.1703125
0 0.9213681301126602 0.734375 0.06868546700961672 0.13203125
0 0.9778087232445692 0.703125 0.04438255351086155 0.1609375
0 0.9813696719450391 0.178125 0.0372606561099218 0.125