0 0.38203125 0.50390625 0.15390625 0.0796875
0 0.3734375 0.759375 0.146875 0.071875
0 0.37890625 0.85078125 0.15625 0.0625
0 0.37734375 0.9515625 0.1390625 0.0671875
0 0.7015625 0.48203125 0.1390625 0.0796875
0 0.709375 0.56875 0.14921875 0.06953125
0 0.7046875 0.6671875 0.15859375 0.06953125
0 0.70546875 0.75859375 0.15625 0.07421875
0 0.8390625 0.54453125 0.0625 0.1703125
0 0.896875 0.4640625 0.053125 0.10546875
0 0.96015625 0.5140625 0.05546875 0.16796875
0 0.834375 0.72734375 0.0578125 0.1703125
0 0.9 0.734375 0.06484375 0.13203125
0 0.96640625 0.703125 0.0578125 0.1609375
0 0.9796875 0.178125 0.040625 0.125