0 0.4025638562726913 0.4994609139481387 0.15715326680591385 0.08147836135422644
0 0.40437966015047433 0.7550296612826386 0.14980368182494205 0.07358404535327168
0 0.4135729294278462 0.8463722766152296 0.15879667984777565 0.06431813335454457
0 0.4161169506823844 0.9471717079487749 0.14180018083635879 0.06880563868554432
0 0.7212037683259698 0.47386783123809534 0.1423095168059138 0.08130563868554468
0 0.7325497866147584 0.5604956745703681 0.15205193133065045 0.07126756735359
0 0.7318733073750051 0.6589877185710045 0.16142693133065045 0.0713766553548627
0 0.736379076652377 0.7503848779042317 0.15927418231923376 0.07603688335454457
0 0.8612504481737453 0.5347678738860961 0.06943970258518846 0.17103975334181776
0 0.9157840978697344 0.4536264145449147 0.05742252224312168 0.10608691534054522
0 0.9749731078512532 0.5028900705363242 0.05005378429749356 0.16861418734086336
0 0.8640119867284891 0.7176349178867325 0.06475220258518846 0.1709852093411815
0 0.9299234882113641 0.7239025518778238 0.07022361117842593 0.1327857753421359
0 0.9814356489917326 0.6918798452021424 0.03712870201653473 0.16161020934118148
0 0.9820431788591926 0.1667253038670061 0.035913642281614956 0.1254727146721816