0 0.2749553930985763 0.265642138956465 0.15006697658635507 0.09226074375348406
0 0.32482392912609304 0.14970352156821817 0.15758929990733278 0.10636415036934235
0 0.09405013347992949 0.25419207543016087 0.17467759618646847 0.1259908491396783
0 0.14931051923729372 0.024813647638867835 0.1704960384745874 0.04962729527773567
0 0.31275546034428625 0.028996632709949056 0.15051092068857255 0.05799326541989811
0 0.7553149825768048 0.01599046060529819 0.1504737151536096 0.03198092121059638
0 0.480540804338138 0.9614626573032293 0.12734623920022692 0.06791472872636958
0 0.455647442542573 0.8975319675098838 0.14715279691210786 0.14301472267624504
0 0.4579043685886231 0.7607723108940256 0.15617313284695733 0.13291301483072288
0 0.4532218138719669 0.6490581060735654 0.15407491950744615 0.1399306292921036
0 0.43908241360181444 0.5350546934075828 0.15552085761921391 0.1813368792921036
0 0.39426593220613587 0.4376393379231927 0.13874258538669526 0.1929556353422278
0 0.7462921905588384 0.2027315101553408 0.14990328547936257 0.08757324375348405
0 0.9187202620657174 0.17281623029750323 0.1502306676933479 0.09694824375348406
0 0.7344048041685021 0.309853663746137 0.1524925721398514 0.09461812929210342
0 0.9071875397405318 0.2900946338882994 0.16194941769334753 0.09701642144658118
0 0.7577555133316619 0.41911503425764174 0.13756697658635506 0.09218802088084713
0 0.9164484670525261 0.39865656763152074 0.16412947658635488 0.09234255698520064
0 0.7505283450901601 0.5254286667711991 0.15500001324684404 0.09931926483072288
0 0.9046429262156861 0.5081224712223169 0.15734376324684404 0.09933290036934235
0 0.75825405425332 0.6347809408735001 0.1527381088003402 0.1016493792921036
0 0.9295641507660861 0.6173702061952022 0.14087169846782785 0.096902791958086
0 0.9277765837732488 0.7275128206565828 0.14444683245350234 0.0970164214465811
0 0.7562773812024949 0.7348127571302787 0.15281995435383636 0.10399312929210343
0 0.7679639040679855 0.8457048053348807 0.15718007213985138 0.09464540036934217
0 0.9333767894664546 0.8321775947588839 0.13324642106709064 0.08994426483072289
0 0.9292113701596605 0.943959977272441 0.14157725968067894 0.09698915036934252
0 0.7653423902729874 0.9496474167711991 0.1579067584375206 0.09308744554888229