0 0.15788000312349962 0.4627027771923983 0.22605578236828644 0.13112113514462212
0 0.17309337387406842 0.6118533433450224 0.2515526898368192 0.11752228530677797
0 0.18112120665727335 0.7384431168839727 0.24469903859206377 0.11974330438150141
0 0.6538753128856951 0.9069871964325728 0.23109847987877555 0.13589045576147285
0 0.6697907751188239 0.6008366079588143 0.20780268983681935 0.11675862621616843
0 0.6262398394311895 0.4803428758157218 0.20059384108157463 0.11429214529089186
0 0.6246629161911098 0.33564798458201983 0.2255229861025528 0.12408988514462216
0 0.6177123313333125 0.2129508242735943 0.1626677885920639 0.11831144358660846
0 0.6220185551888033 0.07362922565356604 0.20130423610255282 0.12366714529089182
0 0.8027538726246686 0.4146791452974824 0.10871676224706199 0.2609295917201694
0 0.895545023869424 0.41071261972993717 0.106373012247062 0.2608886814117438
0 0.9739109506783062 0.43167791031501607 0.052178098643387474 0.24426424310014117
0 0.9642493016083897 0.14804325000659058 0.07150139678322062 0.24895174310014112
0 0.882685213282036 0.14808988880466062 0.1060178147365729 0.25620118141174386
0 0.7900124612074435 0.15361891437220584 0.09845376847083927 0.24904720048646736