0 0.09905600086366653 0.4662709846833174 0.19811200172733306 0.1298618646960442
0 0.10127246298193975 0.6155351880171811 0.2025449259638795 0.11610844736631662
0 0.09361562695685402 0.7420795066836355 0.18723125391370804 0.11837038136536222
0 0.5095056402685277 0.9239873187459964 0.2318713665201182 0.13460390869668046
0 0.5735033358860795 0.6189731020846324 0.2084658174285039 0.1155993700270443
0 0.5490131321027559 0.4974793627466327 0.20124324879205205 0.11317380402608972
0 0.5701861146839504 0.35305720074790536 0.22622727333785927 0.1228306146960441
0 0.5825422066582615 0.23042822274822355 0.16334463606495558 0.11741586135422628
0 0.608737529087735 0.09153844541690524 0.2020085233378591 0.1225488040260897
0 0.7353649624081373 0.43708839743790423 0.11023509576733286 0.2604113360120904
0 0.8285250310445891 0.4358264367838583 0.10789134576733303 0.2603840640117721
0 0.9235506175588885 0.45960992946367585 0.09405211531217006 0.2438323633434086
0 0.9490439225695566 0.176043451463994 0.09443475258507376 0.24851986334340861
0 0.856983968327191 0.17340825278481276 0.10750870849442933 0.2556965640117722
0 0.7636963539331048 0.17623271343885877 0.09990350258507377 0.24858349801081764