0 0.5264288767106798 0.32421875 0.09219878003658924 0.26953125
0 0.6305442120464524 0.3421875 0.0874840080362711 0.2671875
0 0.738111264043589 0.32109375 0.09691355203690737 0.271875
0 0.8514743300445435 0.328125 0.10165559603754346 0.2765625
0 0.9652783766808517 0.321875 0.06944324663829668 0.22578125
0 0.0636363333465903 0.09765625 0.11320107602640787 0.19453125
0 0.3259765327418601 0.55390625 0.1085777580362711 0.2671875
0 0.08446283676794988 0.74609375 0.15304427868395376 0.12734375
0 0.6548566054264502 0.6859375 0.10405389003818008 0.28125
0 0.8143770560948138 0.6984375 0.09702264003818009 0.28125
0 0.9260139900938593 0.69140625 0.09434253536758916 0.25234375