0 0.337264327959656 0.55859375 0.25058865901517463 0.11328125
0 0.7170973771738677 0.55546875 0.22131853597964551 0.10546875
0 0.9091757152632087 0.5578125 0.13485449710451575 0.1109375
0 0.9496981313076969 0.17421875 0.09656474669023112 0.26171875
0 0.8446296416467792 0.165625 0.11433228949430196 0.240625
0 0.7336921416467791 0.165625 0.11945643713693724 0.25
0 0.6191031027716496 0.16015625 0.11865591645877274 0.2328125
0 0.49868359491376674 0.12890625 0.11006001240599694 0.19921875
0 0.3732105599675787 0.1390625 0.12635925454811403 0.23046875
0 0.25427862344981406 0.14296875 0.11978392286891353 0.25703125
0 0.13291304569955503 0.13203125 0.12726893713693718 0.25
0 0.039443489660917784 0.14453125 0.07888697932183557 0.2546875