0 0.2682230835991993 0.6859375 0.20656937418757346 0.1078125
0 0.3667876741048479 0.33515625 0.1047631866867496 0.228125
0 0.48447973457542926 0.3640625 0.10033478530677797 0.24296875
0 0.588372347805954 0.36328125 0.09476089529089186 0.1921875
0 0.6799013287312305 0.3703125 0.0908370543815014 0.2359375
0 0.1599473388775003 0.34609375 0.12433534699517512 0.23046875
0 0.055287112416450644 0.34765625 0.10267853530677787 0.24296875
0 0.10746068181219037 0.875 0.11217626623205437 0.25
0 0.21387432304589243 0.884375 0.10246034699517512 0.23046875
0 0.3086783084353958 0.9 0.10894612621616835 0.19921875
0 0.5242896716659207 0.89921875 0.10664328652459396 0.2015625
0 0.7354356773479636 0.86640625 0.10300581777418198 0.26171875
0 0.8466498668773823 0.8375 0.09547000730360074 0.2328125
0 0.9477447625753112 0.85546875 0.0952654557614732 0.22109375