0 0.53515625 0.9046875 0.146875 0.18984375
0 0.68125 0.83671875 0.165625 0.1296875
0 0.7078125 0.69375 0.17578125 0.0984375
0 0.5109375 0.23671875 0.0796875 0.2234375
0 0.53359375 0.44375 0.0765625 0.1609375
0 0.13203125 0.9421875 0.1734375 0.115625
0 0.19921875 0.8140625 0.1875 0.13203125
0 0.1703125 0.70703125 0.1828125 0.16328125
0 0.13828125 0.5984375 0.165625 0.1875
0 0.15 0.42890625 0.1609375 0.1515625
0 0.1390625 0.290625 0.1734375 0.14453125
0 0.146875 0.1265625 0.196875 0.1515625
0 0.13828125 0.040625 0.1921875 0.08125
0 0.7921875 0.3390625 0.07421875 0.2359375
0 0.8703125 0.33984375 0.071875 0.21875
0 0.95546875 0.35234375 0.07421875 0.2234375
0 0.87265625 0.0453125 0.1703125 0.090625