0 0.47718124075304313 0.9062259130540135 0.15904074028239248 0.18754817389197315
0 0.6276306261627885 0.8406821465587132 0.1739357526208936 0.1306510780624394
0 0.6633549799557015 0.6978679326630669 0.1820894116279071 0.0994601653964569
0 0.4957678732281279 0.239691297419035 0.0940060255998528 0.2239011083130605
0 0.5051569578995927 0.4468543576256895 0.08687584361388012 0.16138292759490125
0 0.08103833744924213 0.9423193102066545 0.16207667489848426 0.11536137958669102
0 0.1470512546327037 0.8152215207826513 0.19596094694536764 0.13312209308955403
0 0.1250038787836822 0.7080220991396783 0.19327603793835407 0.1643448220123153
0 0.09993163248431 0.5992419967785462 0.17764054595791853 0.18846357806243946
0 0.12251443862126135 0.42977892447164334 0.17065006631598414 0.15249880698520069
0 0.12043840376522627 0.291434041958086 0.1826994833425622 0.14554027985783763
0 0.138764506478405 0.1274169937534841 0.20658756631598413 0.15270788524403184
0 0.13567788170911765 0.04142949677854617 0.1973942365817647 0.08236811416679299
0 0.7704593877260973 0.3436713120533662 0.08933831199704745 0.23636929205628182
0 0.8485343229512725 0.34490708000734704 0.0858931369509051 0.21916815651766247
0 0.9328895365540781 0.35790250457718625 0.0885372755998528 0.22386929205628192
0 0.8697524930601697 0.0503894655459665 0.17612001387966067 0.09161584913967835