0 0.05815028254300568 0.9109874969749379 0.1051976720241807 0.1780250060501242
0 0.053122810630183495 0.6675147529268661 0.10624562126036699 0.26002950585373236
0 0.09924492731540992 0.13261757816063532 0.13744764536918017 0.2648442708808471
0 0.3955150172263231 0.790635653001621 0.10168286803786195 0.27947894262201595
0 0.4969320665579596 0.8037265263417961 0.10603401336727121 0.25059996369925486
0 0.5974951405554142 0.8230628545024314 0.10145560136854392 0.25994769262201595
0 0.7077332065563687 0.8166724748175446 0.09649538136536222 0.23648292154477701
0 0.8232491185550961 0.8267201613894363 0.10145560136854392 0.25994769262201595
0 0.9423900172263231 0.7938172786794871 0.09911185136854392 0.25993405708339645
0 0.9502137972629123 0.524313299756726 0.08895450668363551 0.12550906010845858
0 0.9121438219685014 0.23735365524111618 0.10160105203690754 0.27244769262201596
0 0.6706375746340015 0.24454294476331526 0.10848685136854393 0.25998859923787415
0 0.5082086579408209 0.4389236829576544 0.22486473468331739 0.12395617134838535