0 0.6203125 0.7490320105824584 0.10078125 0.25351644601368123
0 0.61796875 0.45687178258277655 0.10078125 0.26523519601368123
0 0.70703125 0.28396044657068625 0.09609375 0.24877440201304485
0 0.81640625 0.28112525322250514 0.0890625 0.25103633601209036
0 0.93125 0.2774451752069149 0.09375 0.24171588001272665
0 0.259375 0.23604439863145615 0.22109375 0.12991640869668047
0 0.27421875 0.3608716759627745 0.23046875 0.1206504966979531
0 0.2765625 0.4944381539624563 0.2359375 0.12774538136536223
0 0.26953125 0.6351449699634107 0.22578125 0.12059595269731674
0 0.275 0.7686750852960017 0.228125 0.13234197469763487
0 0.26953125 0.9148324699634107 0.22109375 0.12288515869668046