0 0.624712233794535 0.7634679894175415 0.10224934299135828 0.25351644601368123
0 0.6206685866466465 0.4712532174172234 0.10231752068445524 0.26523519601368123
0 0.7087311471478885 0.3004145534293138 0.09753457191411936 0.24877440201304485
0 0.8180970567888088 0.3001247467774949 0.09051695745273883 0.25103633601209036
0 0.9329271712501896 0.29911732479308506 0.09514991529826133 0.24171588001272665
0 0.2607658249391815 0.24208060136854384 0.22183461426498888 0.12991640869668047
0 0.27633680366555097 0.36725332403722555 0.2311550721105112 0.1206504966979531
0 0.2794577793668582 0.5008743460375438 0.2366647287263694 0.12774538136536223
0 0.27324466168402384 0.6414175300365892 0.2264675721105111 0.12059595269731674
0 0.27949063738533114 0.7750749147039983 0.22887949980360825 0.13234197469763487
0 0.2748718359592754 0.9211050300365893 0.2217937076491306 0.12288515869668046