0 0.17777318181219037 0.8740546026557198 0.24498699188232517 0.11703855083688061
0 0.17847083684561013 0.7349739219375605 0.23795574188232518 0.11699764422102224
0 0.19342190665168224 0.6067489279876848 0.23230971387914795 0.10680957796424355
0 0.6498197313257231 0.7916127238545956 0.2014006331160271 0.12615902078265115
0 0.15743994764379826 0.3358369851692771 0.23820120373287823 0.13106014422102225
0 0.17085579098882073 0.2091835815784809 0.23026597280760167 0.12398344242562417
0 0.16445401217486463 0.06623755747617996 0.2232756331160272 0.12628628580976592
0 0.6435543202065187 0.6564791997522945 0.21838358157389948 0.11454026473252696
0 0.6429076635515412 0.529907609393215 0.21131142126547414 0.11215560811666876
0 0.6413433892018119 0.3955280642136752 0.2090494918823252 0.11682947257804929
0 0.6544728603878558 0.25246841062287906 0.16760233157389964 0.11424482806243948
0 0.6467540434244528 0.1235939768796577 0.19897506249917624 0.12145788524403182
0 0.6497369472400564 0.028096687161066898 0.2057238944801128 0.056193374322133796