0 0.1546875 0.9015625 0.06015625 0.125
0 0.2203125 0.8921875 0.05546875 0.1296875
0 0.27890625 0.9078125 0.0578125 0.13671875
0 0.3375 0.89921875 0.05546875 0.1390625
0 0.40390625 0.9078125 0.0625 0.12734375
0 0.47109375 0.90859375 0.0578125 0.134375
0 0.5328125 0.90859375 0.05546875 0.1203125
0 0.59140625 0.90390625 0.0625 0.134375
0 0.64921875 0.90390625 0.053125 0.1109375
0 0.7125 0.9015625 0.05078125 0.134375
0 0.77265625 0.90390625 0.06015625 0.1390625
0 0.83515625 0.89765625 0.05546875 0.13203125
0 0.9234375 0.78828125 0.1109375 0.0625
0 0.95546875 0.63359375 0.084375 0.06484375
0 0.8953125 0.540625 0.05078125 0.1109375
0 0.83671875 0.53984375 0.053125 0.12734375
0 0.77265625 0.5375 0.06015625 0.146875
0 0.7078125 0.53359375 0.05546875 0.1296875
0 0.64921875 0.5359375 0.053125 0.1203125
0 0.5921875 0.54296875 0.05546875 0.134375
0 0.52734375 0.5453125 0.06015625 0.14921875
0 0.4171875 0.5359375 0.06015625 0.1296875
0 0.36171875 0.55546875 0.06015625 0.1390625
0 0.3015625 0.5453125 0.06015625 0.14453125
0 0.240625 0.5453125 0.0578125 0.1390625
0 0.18046875 0.5421875 0.0625 0.1421875
0 0.1203125 0.5375 0.0625 0.12734375
0 0.1140625 0.30625 0.06015625 0.146875
0 0.17578125 0.32109375 0.053125 0.13203125
0 0.23671875 0.3125 0.05546875 0.14453125
0 0.3015625 0.3140625 0.05078125 0.12734375
0 0.3578125 0.3125 0.053125 0.134375
0 0.4171875 0.3109375 0.05546875 0.146875
0 0.52734375 0.31953125 0.05546875 0.1296875
0 0.58984375 0.3109375 0.05546875 0.1421875
0 0.65234375 0.3140625 0.05078125 0.13203125
0 0.71640625 0.31484375 0.053125 0.134375
0 0.78125 0.31484375 0.0578125 0.125
0 0.8390625 0.3109375 0.0578125 0.13203125
0 0.90234375 0.30546875 0.05078125 0.125
0 0.9421875 0.2046875 0.1109375 0.0625
0 0.9875 0.03203125 0.025 0.0640625
0 0.1953125 0.040625 0.059375 0.08125
0 0.259375 0.0375 0.0578125 0.07421875
0 0.31875 0.03515625 0.06015625 0.06953125
0 0.384375 0.0359375 0.0484375 0.071875
0 0.440625 0.040625 0.065625 0.08125
0 0.5109375 0.0359375 0.05546875 0.071875
0 0.57421875 0.0375 0.053125 0.07421875
0 0.6359375 0.0375 0.06015625 0.07421875
0 0.69609375 0.0375 0.06015625 0.07421875
0 0.759375 0.0359375 0.0578125 0.071875
0 0.82109375 0.0328125 0.05546875 0.06484375
0 0.87734375 0.02890625 0.053125 0.0578125
0 0.9390625 0.03515625 0.05078125 0.06953125