0 0.2177308913928211 0.899762547979001 0.06889710149293879 0.12569998134149962
0 0.2827003275308507 0.8896239319700923 0.06453738342392405 0.13033293734086335
0 0.342386683967468 0.904567131962138 0.06737280632040185 0.1373914593411815
0 0.4003795004273285 0.895291581954184 0.06519294728589439 0.13970793734086334
0 0.467386683967468 0.9031126252785026 0.07140474245843151 0.12807100334181776
0 0.534628814289299 0.9031120779360483 0.06720891535490914 0.1350477093411815
0 0.5963475642892989 0.9023939152610033 0.06388181956195353 0.12095793734086335
0 0.6546135323583137 0.8970246152530491 0.07189641535490914 0.13510225334181775
0 0.7124260323583137 0.8963519059118678 0.06088250569998319 0.11155566534054487
0 0.7755433913928211 0.8932718119032771 0.060177665354909135 0.13496589334022674
0 0.8358635323583137 0.8949155805617777 0.06988044728589457 0.13976248134149963
0 0.8979264897836667 0.8879383272199597 0.0647012743894166 0.132676687340863
0 0.9604527659270552 0.7775360818746421 0.07909446814588961 0.0637908746817267
0 0.9776596413244263 0.6224758645369605 0.044680717351147335 0.06582554201145392
0 0.9331166827069601 0.5302070958784602 0.05853875569998337 0.1115283933402269
0 0.8744683023851294 0.5301076458864143 0.062029742458431514 0.1279619153405452
0 0.8102419114196369 0.5285093305617775 0.07042675050420319 0.14757498134149963
0 0.7451250098104826 0.5253576059039136 0.06453738342392405 0.13033293734086335
0 0.6866951507759751 0.5283831559118678 0.06153806956195353 0.12093066534054522
0 0.6301555736724529 0.5360780245862765 0.06486516535490913 0.13502043734086336
0 0.5654757146379455 0.5391762999284124 0.07059064146969565 0.14991873134149963
0 0.45466390077597507 0.5310830839433662 0.06922488342392405 0.13038748134149963
0 0.4005609088217468 0.5512597712842295 0.0698804472858944 0.13976248134149963
0 0.3396944646379455 0.5418035026257291 0.07026285953871048 0.14523123134149962
0 0.2787569646379455 0.5425125746340015 0.0675366972858944 0.1397352093411815
0 0.2183821933506221 0.5400875559755012 0.07244271857321787 0.14291475334181775
0 0.15789816141963686 0.5361000373170007 0.07140474245843142 0.12807100334181776
0 0.13547758615770006 0.3049227626511825 0.0704267505042031 0.14757498134149963
0 0.19823431227248656 0.31904834997613746 0.062357524389416594 0.13264941534054514
0 0.25857087873234696 0.3097455279678651 0.06557535953871056 0.14517668734086336
0 0.32352388937600873 0.3105535026257291 0.059685992458431335 0.12793464334022692
0 0.379664628732347 0.3083364746180931 0.06252141535490922 0.13499316534054512
0 0.43893036808868524 0.30608308394336625 0.06573925050420311 0.14752043734086334
0 0.5496875516288249 0.3133950499284124 0.06453738342392405 0.13033293734086326
0 0.6115866180886853 0.30407404658659465 0.06541146857321785 0.14283293734086336
0 0.6743051393760087 0.3064717932447768 0.060013774389416595 0.1326221433402269
0 0.7384222696978396 0.30650760856941356 0.06252141535490914 0.13499316534054512
0 0.8032660196978396 0.30575308322727757 0.06655335149293862 0.1256727093411815
0 0.8608053680886852 0.30117412388609616 0.06704502438941659 0.13270395934118148
0 0.9237042058358693 0.2949690298775057 0.059522101492938614 0.1255908933402269
0 0.9494233407232262 0.1937241558720968 0.10115331855354767 0.06379087468172662
0 0.9875 0.026358673933821224 0.025 0.05271734786764245
0 0.1981532767352051 0.03966138932209143 0.06505655347041021 0.07932277864418286
0 0.26199725544788166 0.03596381415102345 0.06300238057393237 0.0719276283020469
0 0.32120836448238904 0.03328143681373954 0.0650183486429472 0.06656287362747908
0 0.3868879948042199 0.03384210130888749 0.05346348960843983 0.06768420261777498
0 0.44346577673520515 0.03825233597231946 0.07130655347041034 0.07650467194463892
0 0.5134504948042199 0.0331262113005356 0.06049473960843983 0.0662524226010712
0 0.5768410054478816 0.03411840879616081 0.05831488057393237 0.06823681759232161
0 0.6385597554478817 0.03377978145887689 0.06534613057393238 0.06755956291775378
0 0.6987160054478816 0.03342979078812708 0.06534613057393238 0.06685958157625416
0 0.7618879948042199 0.03168761328375228 0.06283848960843982 0.06337522656750456
0 0.8233882235168964 0.028001401446150202 0.06000306671196185 0.056002802892300405
0 0.8793650719077422 0.023956381942252657 0.057167643815484226 0.04791276388450531
0 0.941520864482389 0.029645170104650582 0.05564334864294729 0.059290340209301164