0 0.14944236281106055 0.9033624520209991 0.060883478726369414 0.12569998134149962
0 0.21512190496553832 0.8947510680299077 0.05622324980360831 0.13033293734086335
0 0.2736247513747421 0.9110578680378619 0.05860790641946654 0.1373914593411815
0 0.33226849834968003 0.903145918045816 0.056277791958086 0.13970793734086334
0 0.3986247513747421 0.9125123747214975 0.06324086426498887 0.12807100334181776
0 0.4658077061952023 0.9140754220639516 0.05859427088084708 0.1350477093411815
0 0.5275264561952022 0.9147935847389966 0.056168707649130664 0.12095793734086335
0 0.5861474772724412 0.9107878847469509 0.06328177088084708 0.13510225334181775
0 0.6439599772724411 0.9114605940881322 0.05377041549465282 0.11155566534054487
0 0.7072548628110605 0.9098531880967229 0.05156302088084708 0.13496589334022674
0 0.7673974772724412 0.9128969194382224 0.060965291958086 0.13976248134149963
0 0.8299338387087596 0.9073741727800403 0.056236885342227795 0.132676687340863
0 0.9188514138443328 0.7990264181253578 0.11130111436318443 0.06379087468172653
0 0.951782609393215 0.6447116354630396 0.08475224990180408 0.06582554201145392
0 0.8921672357584522 0.5510429041215399 0.05142666549465282 0.1115283933402269
0 0.8335780309379921 0.5495798541135857 0.05386586426498887 0.1279619153405452
0 0.7695291664766115 0.5464906694382224 0.06101074375348396 0.14757498134149963
0 0.7047081423743105 0.5418298940960865 0.056223249803608155 0.13033293734086335
0 0.6461007568356911 0.5434918440881322 0.05382495764913049 0.12093066534054522
0 0.5890286002198328 0.5498594754137235 0.056250520880847074 0.13502043734086336
0 0.5241712146812134 0.5514487000715876 0.0610243792921036 0.14991873134149963
0 0.4140695068356911 0.5407919160566338 0.06091074980360833 0.13038748134149963
0 0.3584871273471959 0.5596777287157705 0.060965291958086 0.13976248134149963
0 0.29838996468121337 0.5488214973742709 0.06099710821486468 0.14523123134149962
0 0.23745246468121342 0.5481124253659985 0.058621541958086 0.1397352093411815
0 0.17731439539937263 0.5442874440244989 0.06332722267624522 0.14291475334181775
0 0.11718541647661151 0.5388999626829992 0.06324086426498886 0.12807100334181776
0 0.11228078962039492 0.3075772373488175 0.061010743753484066 0.14757498134149963
0 0.17391318120913857 0.32313915002386256 0.053893135342227706 0.13264941534054514
0 0.23490067818407648 0.3152544720321349 0.05630960821486468 0.14517668734086336
0 0.29973533782499684 0.3175714973742709 0.05152211426498887 0.12793464334022692
0 0.35599442818407645 0.3166635253819069 0.053906770880847076 0.13499316534054512
0 0.4153785185431561 0.31579191605663376 0.056323243753483965 0.14752043734086334
0 0.5254847715682182 0.3256674500715876 0.056223249803608336 0.13033293734086326
0 0.5880347685431561 0.31780095341340536 0.05629597267624522 0.14283293734086336
0 0.6505165878249969 0.32165320675522324 0.05154938534222779 0.1326221433402269
0 0.7145745426454571 0.32317989143058645 0.053906770880847076 0.13499316534054512
0 0.779418292645457 0.3239344167727224 0.05853972872636941 0.1256727093411815
0 0.8372535185431561 0.32070087611390385 0.058580635342227794 0.13270395934118148
0 0.9005665847999346 0.31596847012249435 0.051508478726369586 0.1255908933402269
0 0.9409966629605702 0.2156508441279032 0.11130111436318443 0.06379087468172662
0 0.9873136476388679 0.04352185280072111 0.025372704722264317 0.06435340133672711
0 0.19507615066392994 0.0428976666931806 0.059847698672140126 0.0819408906747269
0 0.25915683138208917 0.040518101368543835 0.05824429205628183 0.07489145934118147
0 0.3185454669207086 0.038865242043270735 0.060560770979043 0.07023123134149964
0 0.38416592174116876 0.040410108052179414 0.04885565651766246 0.07243862133990879
0 0.44038865066392996 0.04575213605981543 0.06609769867214013 0.08201361600890869
0 0.5107284217411688 0.04188279606936045 0.05588690651766228 0.0725204373408633
0 0.5740005813820892 0.04418164007795096 0.05355679205628192 0.07483691534054512
0 0.6357193313820891 0.04489980275299603 0.06058804205628192 0.07491873134149962
0 0.6958755813820892 0.04559978409449565 0.06058804205628192 0.07491873134149962
0 0.7591659217411688 0.04477362810308617 0.05823065651766228 0.07254770934118146
0 0.820902852459328 0.042366790778131234 0.055845999901804076 0.06548918734086329
0 0.8771755783570271 0.039115068785767246 0.05346134328594587 0.058430665340545127
0 0.9388579669207087 0.04608323146081232 0.051185770979043 0.07012214334022696