0 0.03958087495314219 0.43462899132718213 0.07916174990628438 0.05413406401177205
0 0.05308787310333252 0.974118205323046 0.07527341014423614 0.046176113343408785
0 0.05714089988881869 0.9006534333227277 0.05659614532659727 0.04908293734086335
0 0.04947517667430486 0.8273250213240004 0.08542966014423616 0.04629429201145392
0 0.053273630321527134 0.7647977493236823 0.09035354948690977 0.056505086012090366
0 0.0462255029467008 0.6984914966581822 0.08315864532659727 0.04939202001113578
0 0.04778930936746475 0.6313039966581823 0.09253364532659727 0.0495011080124085
0 0.0403963430868051 0.5462568346594548 0.07292966014423614 0.046148841343090476
0 0.04630267382291647 0.4907608126591366 0.09260534764583293 0.04643065201304495
0 0.22072680803628458 0.18097563796945595 0.09035354948690974 0.056505086012090366
0 0.2174030927055554 0.12243643197009228 0.07065864532659723 0.049246569342772294
0 0.21718619357923608 0.06464211330363773 0.08795524810013892 0.05413406401177219
0 0.222328941679375 0.013017073321136923 0.08659211664125 0.026034146642273846
0 0.3243095628828464 0.931910334619684 0.0359940110179167 0.10351589867122683
0 0.4380090401814229 0.9126234379376392 0.040972451747361305 0.11607044267186346
0 0.48021472397701304 0.9113512919319122 0.03868325313413194 0.11838692067154533
0 0.5215664225902422 0.9132132365929578 0.03610311379145834 0.10820339867122683
0 0.5582851725902422 0.9127859752546399 0.045478113791458344 0.10831248667249974
0 0.6011448198167006 0.9169734885821402 0.040681511017916706 0.10357044267186347
0 0.345437826937986 0.09126715328613853 0.04291615824437507 0.09891021467218157
0 0.686319253612291 0.9152013559039135 0.0383923124046877 0.10588692067154533
0 0.7301056212034714 0.9131297785646411 0.03857415036059031 0.11369942067154497
0 0.768423238794652 0.9111218358927775 0.03383209897381949 0.1113011266709087
0 0.81048345222552 0.9160996898870506 0.04073606240468743 0.10591419267186346
0 0.8534885698167006 0.9140372032145511 0.03610311379145834 0.10820339867122683
0 0.8934959739770132 0.906542329209142 0.033886650360590666 0.1136448766709087
0 0.3284392441129856 0.6538126066200022 0.0359940110179167 0.10351589867122701
0 0.3329838865897912 0.5256694252864567 0.03857415036059031 0.11369942067154515
0 0.4139409862292009 0.6379779739417755 0.03844686379145838 0.10823067067154532
0 0.45836313345565916 0.6421473059357302 0.0359940110179167 0.1035158986712272
0 0.49915178761597173 0.6346433412635486 0.0359940110179167 0.1035158986712272
0 0.5390319052071522 0.6326172172581398 0.0383923124046877 0.10588692067154533
0 0.5812194052071522 0.6321263212524129 0.0407360624046877 0.10591419267186346
0 0.6184648320688882 0.6426274692473222 0.03844686379145834 0.10823067067154532
0 0.6945733903895134 0.627683174570368 0.040681511017916706 0.10357044267186347
0 0.7376330593674647 0.6232769378978683 0.04051785685760425 0.09653919267186346
0 0.775023956593923 0.6275280858927776 0.0430798124046877 0.1059414646721816
0 0.8203364565939232 0.6270008272199596 0.038392312404687344 0.10588692067154533
0 0.9022767876159717 0.6299525572088239 0.03857415036059031 0.11369942067154533
0 0.9408671621410065 0.6162258645369605 0.03806500408406279 0.09182442067154532
0 0.45960224439732594 0.4546836686028211 0.043025261017916705 0.1035977146721816
0 0.5431596268061455 0.4552734672581398 0.03817410685760425 0.09651192067154532
0 0.5854925971708675 0.4485325712524128 0.04079061379145834 0.10825794267186346
0 0.6236283768061455 0.45433712858054937 0.0360485624046877 0.10585964867122719
0 0.701335802717951 0.4378121525700499 0.03610311379145834 0.10820339867122701
0 0.7434141999444094 0.44200875656432287 0.04337075313413195 0.1184414646721816
0 0.7824585161488191 0.44233547322568684 0.03628495174736131 0.11601589867122715
0 0.8245550971708677 0.4457508272199598 0.03321384992375016 0.08473862667090888
0 0.8667971485576386 0.4429161812142327 0.040572408244375066 0.09888294267186346
0 0.9065863471708677 0.4447963072088239 0.038119555470833434 0.09416817067154533
0 0.9536068175355898 0.43800086720246056 0.0360485624046877 0.10585964867122702
0 0.9754863900082636 0.20265371320023337 0.03617584897381931 0.11132839867122704
0 0.9325721913950347 0.2008099498727331 0.036048562404687345 0.10585964867122703
0 0.8966346913950346 0.20122812054427835 0.031142856857604075 0.09643010467059074
0 0.8590619562126734 0.20478947254936902 0.03857415036059031 0.11369942067154523
0 0.8207807062126735 0.2052349152212324 0.03844686379145834 0.10823067067154524
0 0.7340801400082636 0.20546272923300463 0.0433162017473613 0.11609771467218158
0 0.694127287234722 0.21061385323841347 0.04086334897381967 0.11138294267186337
0 0.6536113900082637 0.206399067910595 0.04073606240468752 0.10591419267186337
0 0.6106426400082637 0.20689905458309474 0.04073606240468752 0.10591419267186337
0 0.564439787234722 0.21212290392268537 0.040972451747361305 0.11607044267186337
0 0.5246324048259027 0.21102402792809422 0.03844686379145834 0.10823067067154524
0 0.48536988307440954 0.22007231126673035 0.04073606240468752 0.10591419267186337