0 0.052908180597669684 0.43515625 0.08764605032431157 0.053125
0 0.09279993830501214 0.975 0.07500968262955987 0.0453125
0 0.09386183197434617 0.9015625 0.05631422970746054 0.0484375
0 0.08320497564368019 0.828125 0.08516593262955988 0.0453125
0 0.08445778408566659 0.765625 0.09003071063273707 0.05546875
0 0.07470490868027715 0.69921875 0.08287672970746054 0.0484375
0 0.07353214650541251 0.63203125 0.09225172970746054 0.0484375
0 0.06267073863261899 0.546875 0.07266593262955985 0.0453125
0 0.06404627799988191 0.49140625 0.09688468262955988 0.0453125
0 0.22820464082666497 0.18359375 0.09003071063273707 0.05546875
0 0.22249438311602718 0.125 0.07037672970746056 0.0484375
0 0.21992276217486464 0.0671875 0.08764605032431154 0.053125
0 0.22290171185055305 0.0140625 0.08642842370110611 0.028125
0 0.36243059983125364 0.9359375 0.035393803570722505 0.103125
0 0.4753982041333248 0.91796875 0.04029949188232518 0.115625
0 0.5175720673638496 0.9171875 0.037996652190750525 0.11796875
0 0.5590192276722752 0.91953125 0.03547562418757337 0.1078125
0 0.5957379776722751 0.91953125 0.04485062418757337 0.1078125
0 0.6387885482891261 0.92421875 0.0400813035707225 0.103125
0 0.3493199358759707 0.0953125 0.042343232953871456 0.0984375
0 0.723931161519651 0.9234375 0.03777846387914785 0.10546875
0 0.7676538879807006 0.921875 0.03791483157389965 0.11328125
0 0.8059078644417502 0.9203125 0.03318642126547431 0.1109375
0 0.8481908218280765 0.92578125 0.0401222138791482 0.10546875
0 0.891132298289126 0.92421875 0.03547562418757337 0.1078125
0 0.9308533173638495 0.9171875 0.033227331573899475 0.11328125
0 0.35523215989809315 0.6578125 0.035393803570722505 0.103125
0 0.3545582297041653 0.5296875 0.03791483157389965 0.11328125
0 0.440129311278065 0.64296875 0.037819374187573376 0.1078125
0 0.4847423818949159 0.64765625 0.035393803570722505 0.103125
0 0.5252446509696395 0.640625 0.035393803570722325 0.103125
0 0.5650611274306889 0.6390625 0.03777846387914785 0.10546875
0 0.607248627430689 0.6390625 0.04012221387914785 0.10546875
0 0.6449395422033414 0.65 0.037819374187573376 0.1078125
0 0.7204753303527884 0.6359375 0.04008130357072233 0.103125
0 0.7633758965054126 0.63203125 0.03995857264544576 0.09609375
0 0.8009577171222636 0.63671875 0.04246596387914785 0.10546875
0 0.8462702171222635 0.63671875 0.037778463879148204 0.10546875
0 0.9283696509696394 0.640625 0.03791483157389948 0.11328125
0 0.9664190758885614 0.62734375 0.03753300202859507 0.09140625
0 0.4783445572208752 0.46015625 0.04242505357072233 0.103125
0 0.5619655807598255 0.46171875 0.03761482264544593 0.09609375
0 0.6040439866040241 0.45546875 0.040163124187573375 0.1078125
0 0.6424343307598255 0.46171875 0.03543471387914785 0.10546875
0 0.7195053453703221 0.44609375 0.03547562418757337 0.1078125
0 0.7617746659871731 0.45078125 0.0426841521907507 0.11796875
0 0.8008508027566481 0.4515625 0.035611991882325264 0.115625
0 0.8431064866040241 0.45546875 0.032722771103318136 0.084375
0 0.8852530762955986 0.453125 0.039999482953871277 0.0984375
0 0.9251377366040241 0.45546875 0.03757391233702023 0.09375
0 0.9719036424482226 0.44921875 0.035434713879148205 0.10546875
0 0.9832200696017297 0.2140625 0.03355986079654052 0.1109375
0 0.9411955645277711 0.21171875 0.035434713879148205 0.10546875
0 0.9052580645277711 0.21171875 0.03058357264544611 0.09609375
0 0.8678126116056717 0.21484375 0.03791483157389948 0.11328125
0 0.8295313616056716 0.21484375 0.037819374187573376 0.1078125
0 0.7427989748361965 0.2140625 0.04264324188232518 0.115625
0 0.7030370454530476 0.21875 0.04021767126547413 0.1109375
0 0.6623302248361966 0.2140625 0.04012221387914785 0.10546875
0 0.6193614748361966 0.2140625 0.04012221387914785 0.10546875
0 0.5733495454530476 0.21875 0.04029949188232518 0.115625
0 0.5334785219140972 0.2171875 0.037819374187573376 0.1078125
0 0.4945660263783241 0.22578125 0.04012221387914785 0.10546875