0 0.3995926385098668 0.9056623907144978 0.18628273801421233 0.11303744402449886
0 0.38498682666036477 0.7610493247135433 0.15659856004047973 0.09785733935390813
0 0.3884714320420032 0.9890181413510447 0.1528726944820761 0.021963717297910534
0 0.3779445313192061 0.6266743247135433 0.18130863297125827 0.1075141500238626
0 0.3712740502023987 0.484495915380316 0.17378273801421235 0.11289199335613524
0 0.37195904567984295 0.3634839813812705 0.14969014077317427 0.10011927335295363
0 0.36742095262267643 0.24709591271481596 0.18159523801421243 0.1129829000238625
0 0.3766587545225558 0.12540272605027042 0.1689314637039529 0.10971244935549898
0 0.7306966378324983 0.4597895534293137 0.1794971494796016 0.11764312802354446
0 0.7515967152858326 0.5904219354312228 0.134969221505869 0.10229030068427196
0 0.7489364620064722 0.7184378474299501 0.1548689637039528 0.10954881735358998
0 0.7452902408392875 0.8425384187619047 0.1597202380142125 0.11272836135422644
0 0.7507324146291486 0.9567339947087709 0.16585072930778502 0.08653201058245834
0 0.362247694482076 0.029199888048997747 0.18387038896415203 0.052109034691271594