0 0.6262177671892716 0.9550803262157277 0.0753649823325695 0.08323974687674215
0 0.6264846452296882 0.6644144195998696 0.08270862290951406 0.2645079275949012
0 0.35686770193479245 0.9308626179774221 0.15870481240468762 0.1063777859079618
0 0.3652756947165978 0.7214103499252452 0.17623780452090285 0.12132152985783762
0 0.3557526115103477 0.5808217113615637 0.17282186379145834 0.10880334913967822
0 0.3457028514423615 0.451175117977422 0.17829061379145833 0.10883516539645707
0 0.33556217239642383 0.3176222745932803 0.17311280452090286 0.1213033491396783
0 0.34018989532659727 0.0475217765429403 0.18504910685760426 0.0950435530858806
0 0.6867623029053822 0.3671485341594459 0.07753016042857652 0.24338690651766245
0 0.7851270677230211 0.36345084153742996 0.08763185904180588 0.2411022438516799
0 0.8749351033422226 0.3949639410698918 0.08187216831236128 0.2285704275949012