0 0.3995168509118612 0.7345231873806342 0.16531327958519668 0.09793915535486271
0 0.4114537582209986 0.8494123907144978 0.16280563861970415 0.09556813335454457
0 0.41703140488647444 0.9601846166852266 0.158915814114072 0.0796307666295469
0 0.7651082719667535 0.9793879720420776 0.1572933299535137 0.04122405591584481
0 0.7625681439907112 0.8917480780951319 0.14874313861970415 0.09540450135263541
0 0.7702881728196032 0.7677202320973591 0.11967299765421142 0.09272439668204466
0 0.7553137468210323 0.6317190974299501 0.15174245248167448 0.10480677335295355
0 0.7347830895118947 0.5167298967615865 0.1564299524816745 0.10486131735358999
0 0.7285880838119116 0.405810578095132 0.15375842055068922 0.10014654535327186
0 0.7840415002521015 0.08250089477240423 0.15207023441265974 0.10949427335295363
0 0.9638778951774546 0.2524968634627213 0.07224420964509086 0.21487156934277235