0 0.4507763239179129 0.6046875 0.13295849801081766 0.0796875
0 0.7361871125875491 0.5828125 0.11655224801081765 0.0796875
0 0.7347956932288684 0.76953125 0.12354713534372674 0.0765625
0 0.7305525412158236 0.865625 0.13526588534372674 0.0765625
0 0.745050298536006 0.9625 0.13758236334340843 0.07421875
0 0.8356491212205961 0.83046875 0.05270847135581711 0.165625
0 0.9004201458864143 0.83671875 0.06222892202418073 0.178125
0 0.9621570772199597 0.83515625 0.05863175469445352 0.2046875
0 0.8411831479153676 0.6234375 0.05048290002386224 0.17578125
0 0.8990229199156857 0.62109375 0.050591988025135134 0.18515625
0 0.9594518899188674 0.59765625 0.055052221355817464 0.165625
0 0.9813659892982288 0.25859375 0.03267723468331738 0.12265625