0 0.14200433554962563 0.80078125 0.06700045209089707 0.16796875
0 0.06899259988408167 0.86875 0.07043451680591398 0.0796875
0 0.21612758505533405 0.7984375 0.07130595011373071 0.15859375
0 0.28409633505533405 0.7984375 0.06680945110231393 0.16328125
0 0.34659633505533405 0.7984375 0.06623644813656435 0.14921875
0 0.41456508505533407 0.7984375 0.06487953657757739 0.1734375
0 0.47862758505533404 0.7984375 0.05705244912514758 0.15390625
0 0.5444435860439173 0.803125 0.06507053756616052 0.178125
0 0.6081559175648481 0.79453125 0.06240845258518881 0.1703125
0 0.6770014180591397 0.796875 0.06437020060802237 0.1609375
0 0.741399499085779 0.7859375 0.05958720011373071 0.15859375
0 0.8015239155876817 0.78515625 0.0598737015966055 0.165625
0 0.8575510811010012 0.7796875 0.05676594764227261 0.146875
0 0.9225539985914872 0.78359375 0.05743445110231384 0.16328125
0 0.9810496591247102 0.78828125 0.03790068175057968 0.1390625