0 0.109375 0.80078125 0.06015625 0.16796875
0 0.03359375 0.86875 0.0671875 0.0796875
0 0.18359375 0.7984375 0.06484375 0.15859375
0 0.2515625 0.7984375 0.06015625 0.16328125
0 0.3140625 0.7984375 0.06015625 0.14921875
0 0.38203125 0.7984375 0.0578125 0.1734375
0 0.44609375 0.7984375 0.05078125 0.15390625
0 0.51171875 0.803125 0.0578125 0.178125
0 0.57578125 0.79453125 0.05546875 0.1703125
0 0.64453125 0.796875 0.0578125 0.1609375
0 0.709375 0.7859375 0.053125 0.15859375
0 0.76953125 0.78515625 0.053125 0.165625
0 0.82578125 0.7796875 0.05078125 0.146875
0 0.890625 0.78359375 0.05078125 0.16328125
0 0.95703125 0.78828125 0.0484375 0.1390625