0 0.02905027585081682 0.830609650565734 0.04940107806243947 0.1659068011314681
0 0.02545906313352069 0.07905169574527389 0.05091812626704138 0.15810339149054778
0 0.22436017144658119 0.15989367134838534 0.05413402985783759 0.17374657220870698
0 0.28369881001026276 0.15398910499341079 0.051663014830722886 0.15185793667008757
0 0.34002153288289966 0.16681635792027705 0.054115849139678304 0.17062157220870705
0 0.39782039734428026 0.1648089512062229 0.054115849139678394 0.170621572208707
0 0.5094936955488821 0.15764641188041556 0.051663014830722886 0.15185793667008757
0 0.5673516473442802 0.16579525516636143 0.05640505698520073 0.1612602077473264
0 0.6220527828828997 0.16845716773414804 0.051772099139678215 0.17060793667008758
0 0.6797471082148647 0.1484810110200939 0.04606699980360816 0.1299511204133089
0 0.7267402828828997 0.16906622179248243 0.05886243647369582 0.18080509328594582
0 0.782059041958086 0.14360767953980885 0.04911018657189174 0.11590680113146812
0 0.8384590328828996 0.16971618246667508 0.051744828062439296 0.16592043667008757
0 0.902494261805661 0.16540138718893943 0.0494010780624393 0.16590680113146816
0 0.9470709636010589 0.17347296242270854 0.046012457649130666 0.1205761204133089
0 0.885307282686508 0.29967184805952385 0.10833065046753845 0.0896897347764936
0 0.9827857498036081 0.30493204068153973 0.03442850039278369 0.07989657825883115
0 0.1499520865484506 0.529760743753484 0.049446529857837575 0.17371930113146822
0 0.19762197208707002 0.5323817497054124 0.04941471360105889 0.1682505511314682
0 0.25461686065075156 0.5264635478118185 0.06117891539645699 0.17613122882456517
0 0.31326060762568947 0.5353981862773042 0.05404767144658118 0.15890282220870694
0 0.374161746189371 0.5295027102814093 0.06111982806243947 0.16597497882456516
0 0.4296804931643089 0.5384191680287357 0.04623517144658127 0.158857370413309
0 0.5320242431643089 0.5390145865484506 0.049360171446581266 0.15887555113146803
0 0.5859168576256895 0.5369844539366974 0.056418692523820015 0.16360395774732642
0 0.639050947984769 0.5388560261454044 0.051690285907961805 0.15654543667008766
0 0.6944606106507516 0.5290224838927309 0.04622153590796181 0.156513620413309
0 0.7515554931643089 0.540291781999137 0.051790279857837615 0.17373293667008766
0 0.8061884510098312 0.5312349445669236 0.05878971360105893 0.16830509328594587
0 0.8624657220870701 0.5362496974937898 0.04154767144658109 0.15883009933607006
0 0.9821604326432702 0.5346059051429203 0.035679134713459605 0.16349032825883114
0 0.20392301082370218 0.8097527707826513 0.054088578062439475 0.16593407220870696
0 0.261717330105543 0.8069641140685972 0.053993129292103426 0.14952782220870695
0 0.3172269867214012 0.8143180718159236 0.054102213601058935 0.16827782220870696
0 0.3750394867214012 0.8146544151018695 0.054102213601058935 0.16827782220870696
0 0.42660198672140126 0.8149543969514967 0.046289713601058935 0.168232370413309
0 0.57897300779864 0.8205282069617595 0.0493056292921036 0.14950055113146804
0 0.6320843722600207 0.8184935291704665 0.05882152985783762 0.17377384328594586
0 0.6875758481577197 0.8227224869177929 0.04937380698520073 0.16121930113146804
0 0.7437985770804808 0.8183622398446591 0.051772099139678215 0.17060793667008767
0 0.7945480108237021 0.8131889265147467 0.05171755698520073 0.16123293667008767
0 0.8484997126191003 0.8213150439029937 0.0541476653964569 0.17609032220870696