0 0.02421875 0.83046875 0.0484375 0.165625
0 0.025 0.07890625 0.05 0.1578125
0 0.2234375 0.15859375 0.053125 0.1734375
0 0.2828125 0.15234375 0.05078125 0.1515625
0 0.3390625 0.16484375 0.053125 0.1703125
0 0.396875 0.1625 0.053125 0.1703125
0 0.50859375 0.1546875 0.05078125 0.1515625
0 0.56640625 0.1625 0.05546875 0.1609375
0 0.62109375 0.16484375 0.05078125 0.1703125
0 0.67890625 0.14453125 0.0453125 0.1296875
0 0.72578125 0.16484375 0.0578125 0.18046875
0 0.78125 0.1390625 0.0484375 0.115625
0 0.8375 0.16484375 0.05078125 0.165625
0 0.9015625 0.16015625 0.0484375 0.165625
0 0.94609375 0.16796875 0.0453125 0.1203125
0 0.88359375 0.29453125 0.1078125 0.0890625
0 0.98203125 0.29921875 0.0359375 0.0796875
0 0.146875 0.52890625 0.0484375 0.1734375
0 0.19453125 0.53125 0.0484375 0.16796875
0 0.2515625 0.525 0.06015625 0.17578125
0 0.31015625 0.53359375 0.053125 0.15859375
0 0.37109375 0.52734375 0.06015625 0.165625
0 0.4265625 0.5359375 0.0453125 0.15859375
0 0.52890625 0.5359375 0.0484375 0.15859375
0 0.5828125 0.53359375 0.05546875 0.16328125
0 0.6359375 0.53515625 0.05078125 0.15625
0 0.69140625 0.525 0.0453125 0.15625
0 0.7484375 0.5359375 0.05078125 0.1734375
0 0.803125 0.5265625 0.0578125 0.16796875
0 0.859375 0.53125 0.040625 0.15859375
0 0.9796875 0.52890625 0.0359375 0.16328125
0 0.19921875 0.80859375 0.053125 0.165625
0 0.25703125 0.80546875 0.053125 0.14921875
0 0.3125 0.8125 0.053125 0.16796875
0 0.3703125 0.8125 0.053125 0.16796875
0 0.421875 0.8125 0.0453125 0.16796875
0 0.57421875 0.8171875 0.0484375 0.14921875
0 0.62734375 0.81484375 0.0578125 0.1734375
0 0.6828125 0.81875 0.0484375 0.1609375
0 0.7390625 0.8140625 0.05078125 0.1703125
0 0.78984375 0.80859375 0.05078125 0.1609375
0 0.84375 0.81640625 0.053125 0.17578125