0 0.0203125 0.91015625 0.040625 0.15625
0 0.0203125 0.67890625 0.040625 0.1515625
0 0.18984375 0.6921875 0.0578125 0.134375
0 0.178125 0.9125 0.053125 0.1609375
0 0.29453125 0.9109375 0.05546875 0.15390625
0 0.35078125 0.91328125 0.053125 0.15390625
0 0.4484375 0.9078125 0.05078125 0.1421875
0 0.50390625 0.915625 0.0453125 0.15390625
0 0.553125 0.91484375 0.04296875 0.146875
0 0.60234375 0.91953125 0.040625 0.146875
0 0.7390625 0.8765625 0.040625 0.1515625
0 0.7921875 0.87890625 0.0453125 0.13671875
0 0.85703125 0.88359375 0.0453125 0.15625
0 0.9078125 0.88125 0.05078125 0.13671875
0 0.2609375 0.68984375 0.05078125 0.125
0 0.34609375 0.68359375 0.0484375 0.1421875
0 0.453125 0.68359375 0.05078125 0.1421875
0 0.73046875 0.71171875 0.04296875 0.15859375
0 0.7859375 0.71640625 0.0484375 0.14921875
0 0.83515625 0.71015625 0.0453125 0.13203125
0 0.88828125 0.734375 0.0453125 0.13203125
0 0.94609375 0.70703125 0.0453125 0.16328125
0 0.8546875 0.4625 0.0796875 0.06484375
0 0.84765625 0.375 0.103125 0.0671875
0 0.8546875 0.29921875 0.103125 0.06953125
0 0.859375 0.22734375 0.06015625 0.06015625
0 0.8453125 0.1515625 0.09375 0.08203125