0 0.1078125 0.8609375 0.1109375 0.0671875
0 0.0953125 0.9546875 0.0984375 0.071875
0 0.07109375 0.69140625 0.12734375 0.084375
0 0.0734375 0.603125 0.103125 0.08203125
0 0.2859375 0.1828125 0.04296875 0.1296875
0 0.290625 0.3765625 0.0484375 0.13671875
0 0.28828125 0.71171875 0.0484375 0.15390625
0 0.28984375 0.87890625 0.0453125 0.15625
0 0.3421875 0.7140625 0.05078125 0.16796875
0 0.33984375 0.884375 0.0453125 0.15390625
0 0.39296875 0.89296875 0.0453125 0.1609375
0 0.44453125 0.89296875 0.0484375 0.1609375
0 0.4421875 0.71875 0.03828125 0.15390625
0 0.39453125 0.71015625 0.04296875 0.165625
0 0.4890625 0.71171875 0.040625 0.15390625
0 0.49140625 0.8859375 0.040625 0.146875
0 0.53984375 0.7046875 0.040625 0.15859375
0 0.5421875 0.87890625 0.0453125 0.15625
0 0.5875 0.87734375 0.040625 0.15390625
0 0.6390625 0.8734375 0.0484375 0.1515625
0 0.58671875 0.71015625 0.0484375 0.165625
0 0.63671875 0.6859375 0.04296875 0.146875
0 0.334375 0.19921875 0.0484375 0.1734375
0 0.33984375 0.3734375 0.040625 0.146875
0 0.390625 0.3578125 0.0453125 0.14453125
0 0.38828125 0.196875 0.0453125 0.15859375
0 0.4390625 0.1734375 0.05078125 0.16328125
0 0.44140625 0.3546875 0.0453125 0.165625
0 0.48828125 0.1734375 0.04296875 0.15859375
0 0.49296875 0.35703125 0.04296875 0.18046875
0 0.540625 0.3484375 0.04296875 0.15390625
0 0.53515625 0.18046875 0.0453125 0.15390625
0 0.58671875 0.17578125 0.04296875 0.15390625
0 0.5875 0.36171875 0.0453125 0.1703125
0 0.63828125 0.1578125 0.0453125 0.1421875
0 0.63828125 0.3296875 0.0453125 0.16796875
0 0.6890625 0.1671875 0.0453125 0.15625
0 0.68984375 0.334375 0.04296875 0.15859375
0 0.73671875 0.1515625 0.0453125 0.15390625
0 0.73828125 0.31875 0.0484375 0.15625
0 0.7859375 0.16953125 0.03828125 0.13203125
0 0.7859375 0.321875 0.04296875 0.16328125
0 0.8375 0.3265625 0.0453125 0.15390625
0 0.8328125 0.1609375 0.0453125 0.15390625
0 0.69375 0.87265625 0.040625 0.15390625
0 0.7390625 0.86796875 0.040625 0.15390625
0 0.73828125 0.69921875 0.04296875 0.14921875
0 0.790625 0.671875 0.04296875 0.146875
0 0.78984375 0.87109375 0.040625 0.165625
0 0.8390625 0.87734375 0.04296875 0.15390625
0 0.8390625 0.69375 0.04296875 0.1703125
0 0.8890625 0.67890625 0.04296875 0.13671875
0 0.88828125 0.859375 0.040625 0.165625
0 0.94140625 0.8609375 0.040625 0.16328125
0 0.9375 0.69609375 0.03828125 0.146875
0 0.9828125 0.69921875 0.03359375 0.15859375
0 0.9828125 0.859375 0.03359375 0.1515625
0 0.9265625 0.14296875 0.0359375 0.1421875
0 0.97578125 0.15390625 0.04296875 0.14453125
0 0.88828125 0.31015625 0.040625 0.15859375
0 0.9359375 0.3125 0.040625 0.15859375
0 0.98203125 0.32109375 0.0359375 0.17578125
0 0.078125 0.06640625 0.15625 0.12734375