0 0.1078125 0.8603102652235064 0.1109375 0.06783291549465283
0 0.0953125 0.9541329880961433 0.0984375 0.07244769262201593
0 0.07109375 0.6909926386618774 0.12734375 0.08511586426498888
0 0.0734375 0.602697753123258 0.103125 0.08263121369925486
0 0.2859375 0.18114896428842994 0.04296875 0.12993748487468954
0 0.290625 0.3748716932111911 0.0484375 0.1370005511314682
0 0.28828125 0.7100415787498106 0.0484375 0.15418805113146802
0 0.28984375 0.8772199883907309 0.0453125 0.156513620413309
0 0.3421875 0.7120717113615637 0.05078125 0.16826418667008766
0 0.33984375 0.8823978469001832 0.0453125 0.15416987041330898
0 0.39296875 0.890682524691476 0.0453125 0.16120112041330897
0 0.44453125 0.8903825428418488 0.0484375 0.16121930113146804
0 0.4421875 0.7161774283804683 0.03828125 0.15412896379745078
0 0.39453125 0.7078609343323965 0.04296875 0.16587498487468935
0 0.4890625 0.7088734676080797 0.040625 0.15414259933607005
0 0.49140625 0.8830785820694602 0.040625 0.14711134933607006
0 0.53984375 0.701546780937992 0.040625 0.15883009933607006
0 0.5421875 0.8757518953993726 0.0453125 0.156513620413309
0 0.5875 0.8739257749860638 0.040625 0.15414259933607005
0 0.6390625 0.8697195431364364 0.0484375 0.15184430113146802
0 0.58671875 0.7067428201656035 0.0484375 0.16590680113146822
0 0.63671875 0.6822331786750558 0.04296875 0.14712498487468934
0 0.334375 0.1972734131569618 0.0484375 0.17371930113146816
0 0.33984375 0.37146034690018315 0.040625 0.14711134933607006
0 0.390625 0.35553991023009557 0.0453125 0.144794870413309
0 0.38828125 0.194616045768715 0.0453125 0.15885737041330888
0 0.4390625 0.17088310909862742 0.05078125 0.16357668667008757
0 0.44140625 0.352119473560008 0.0453125 0.16588862041330898
0 0.48828125 0.17059676278761945 0.04296875 0.15884373487468947
0 0.49296875 0.35416324171038055 0.04296875 0.18071873487468954
0 0.540625 0.3452922357584523 0.04296875 0.15415623487468952
0 0.53515625 0.17735530201523092 0.0453125 0.1541698704133089
0 0.58671875 0.17236782016560354 0.04296875 0.15415623487468952
0 0.5875 0.3583007749860637 0.0453125 0.17057612041330888
0 0.63828125 0.15409908831597616 0.0453125 0.1424511204133089
0 0.63828125 0.3259740883159762 0.0453125 0.1682323704133089
0 0.6890625 0.16317865164588857 0.0453125 0.1565136204133089
0 0.68984375 0.33036160646634877 0.04296875 0.15884373487468953
0 0.73671875 0.14727639569396025 0.0453125 0.15416987041330893
0 0.73828125 0.3144548053348807 0.0484375 0.1565318011314682
0 0.7859375 0.16495879938295227 0.03828125 0.13225396379745064
0 0.7859375 0.3173025493829523 0.04296875 0.1635312348746895
0 0.8375 0.32169006753332485 0.0453125 0.15416987041330898
0 0.8328125 0.15609233861056376 0.0453125 0.1541698704133089
0 0.69375 0.8686201305686497 0.040625 0.15414259933607005
0 0.7390625 0.8636690101553409 0.040625 0.15414259933607005
0 0.73828125 0.6949235553348807 0.04296875 0.14946873487468934
0 0.790625 0.6672752783057134 0.04296875 0.14712498487468934
0 0.78984375 0.8664985734852533 0.040625 0.16586134933607005
0 0.8390625 0.8724622271742453 0.04296875 0.1541562348746897
0 0.8390625 0.6888684771742453 0.04296875 0.17056248487468953
0 0.8890625 0.6737338356836975 0.04296875 0.13696873487468952
0 0.88828125 0.8542071308632373 0.040625 0.16586134933607005
0 0.94140625 0.8554605586545303 0.040625 0.16351759933607007
0 0.9375 0.6906395345522294 0.03828125 0.1470977137974508
0 0.9828125 0.6935009141389206 0.03359375 0.15878919272021186
0 0.9828125 0.8536571641389206 0.03359375 0.1517579427202116
0 0.9265625 0.13757816706578668 0.0359375 0.14239657825883123
0 0.97578125 0.14822932075477874 0.04296875 0.14478123487468952
0 0.88828125 0.3049883808632373 0.040625 0.15883009933607006
0 0.9359375 0.307054874911309 0.040625 0.15883009933607006
0 0.98203125 0.31538045931846026 0.0359375 0.17599032825883115
0 0.078125 0.06595173204601912 0.15625 0.12825278590796177