0 0.20725626757328333 0.67578125 0.10369223428423427 0.0625
0 0.4269844166636606 0.6296875 0.051134468568468705 0.125
0 0.43304397973161113 0.7765625 0.04453986621110371 0.134375
0 0.48218995512450524 0.775 0.05740373924663302 0.1421875
0 0.5154283325032607 0.61640625 0.05762206306795061 0.146875
0 0.4929027849416789 0.9546875 0.10603598428423418 0.0625
0 0.6030590349416789 0.9546875 0.09666098428423417 0.0625
0 0.720173760334573 0.953125 0.08930224855225788 0.05546875
0 0.8435020984239143 0.95078125 0.10145764619489306 0.06484375
0 0.950574350752575 0.9484375 0.09885129849484997 0.06953125
0 0.47389999627594637 0.4125 0.13405397642635145 0.09375
0 0.2755268862655864 0.85 0.080062143299409 0.17578125
0 0.3945034789075508 0.13359375 0.051461954300445 0.13203125
0 0.44795596463952714 0.140625 0.05124363047912741 0.12734375
0 0.4961216368892682 0.1515625 0.04622864474715094 0.1203125
0 0.5423609361034799 0.1546875 0.051461954300445 0.13203125
0 0.5923245487999269 0.15390625 0.051571116211103885 0.134375
0 0.6404709503715036 0.14765625 0.05080698283649223 0.11796875
0 0.7372004011572918 0.14453125 0.04297521215832774 0.10078125
0 0.7853468027288685 0.13828125 0.043994056657809824 0.12265625
0 0.836309989246633 0.1421875 0.049009042389786116 0.1296875
0 0.39669317927905434 0.28125 0.05751290115729191 0.14453125
0 0.45545174917143044 0.3015625 0.05740373924663302 0.1421875
0 0.5073952388323483 0.29296875 0.051789440032421294 0.1390625
0 0.554343013439454 0.29453125 0.04824490901517464 0.11328125
0 0.6003639888323482 0.29296875 0.05425946856846871 0.125
0 0.6483841118678775 0.30078125 0.049227366211103706 0.134375
0 0.7016182737785364 0.303125 0.05538747497860932 0.14921875
0 0.7480202388323482 0.29296875 0.04757497497860932 0.14921875
0 0.8027248554577368 0.2765625 0.051571116211103885 0.134375
0 0.8503276015287952 0.2921875 0.04512206306795079 0.146875
0 0.8931144150110306 0.28828125 0.04501290115729191 0.14453125
0 0.9386987427612897 0.27734375 0.05505998924663302 0.1421875
0 0.9823742947161925 0.2796875 0.03525141056761498 0.12734375
0 0.8827847289075509 0.13359375 0.046774454300445 0.13203125
0 0.9273694828364922 0.11796875 0.04622864474715094 0.1203125
0 0.9764554921421172 0.13359375 0.04708901571576547 0.1421875
0 0.5292468916422699 0.77890625 0.04453986621110371 0.134375
0 0.5756852439996347 0.76953125 0.04666529238978612 0.1296875
0 0.6174532129823882 0.74375 0.05102530665780982 0.12265625
0 0.6698162336605525 0.7609375 0.05505998924663302 0.1421875
0 0.7212695717498938 0.75859375 0.04611948283649223 0.11796875
0 0.7693068114108115 0.75 0.04688361621110389 0.134375
0 0.8190349836605526 0.7609375 0.04959123924663302 0.1421875
0 0.8693068114108116 0.75 0.049227366211103886 0.134375
0 0.9143282129823881 0.74375 0.04377573283649241 0.11796875
0 0.9599853153397528 0.734375 0.04933652812176277 0.13671875
0 0.9911639825770007 0.7328125 0.017672034845998753 0.14453125
0 0.5688808182352372 0.6234375 0.04699277812176241 0.13671875
0 0.6158820967712844 0.609375 0.04611948283649223 0.11796875
0 0.6596320967712843 0.609375 0.04724748924663302 0.1421875
0 0.711412920592602 0.6140625 0.04959123924663302 0.1421875
0 0.7625751602535198 0.60546875 0.051789440032421294 0.1390625
0 0.8108671110393081 0.60234375 0.04699277812176241 0.13671875
0 0.8577421110393081 0.60234375 0.0500278868892682 0.1515625
0 0.9051800372179905 0.59765625 0.04959123924663302 0.1421875
0 0.9516911641824611 0.58984375 0.046774454300445 0.13203125
0 0.9882615566054606 0.58515625 0.023476886789078933 0.13203125