0 0.14824527414592567 0.676803915396457 0.10332792984777565 0.06308632816063539
0 0.3719984505336602 0.6320009963857627 0.050405859695551315 0.125263620413309
0 0.3652325028913874 0.7788714512062229 0.043756611672717674 0.1345977137974506
0 0.4145149198875818 0.7775952975172309 0.05657494665368965 0.1424829366700875
0 0.4616021200013126 0.619237896853301 0.05676594764227296 0.14717043667008767
0 0.4095369653252268 0.9572964330558502 0.10567167984777566 0.06309996369925486
0 0.5196932153252268 0.9579373033709633 0.09629667984777565 0.06304542154477702
0 0.6369443823214211 0.9570565803019347 0.08897892836490087 0.05597326492891881
0 0.7604773828157129 0.9554309686692244 0.10107968034206713 0.06541644262201593
0 0.8715103833100043 0.9537326341638774 0.10595818133065045 0.07013121369925486
0 0.43787941300468064 0.41514529449216875 0.13350751977166359 0.09450449980360834
0 0.20130265407025102 0.8513726442210224 0.07903753707186904 0.17619940651766236
0 0.3828377218253795 0.135852704231285 0.050692361178426106 0.1322948704133089
0 0.43567622034250475 0.14319302643999202 0.05050136018984297 0.12760737041330888
0 0.4828868013691441 0.15440778239192038 0.045527358706968 0.12054884933607006
0 0.5288532173767553 0.15780094798476907 0.050692361178426106 0.1322948704133089
0 0.5788850508748524 0.15731058947531684 0.05078786167271758 0.1346386204133089
0 0.62757721885963 0.151342390606785 0.050119358212676525 0.11823237041330889
0 0.7245795528520188 0.1487809928697213 0.04238777125453819 0.10100396379745065
0 0.7732717208367964 0.14281279400118946 0.04327910920125966 0.1228789637974506
0 0.8238938033463103 0.147014480671277 0.048253110684134626 0.12993748487468948
0 0.37213369068500957 0.28348168315404615 0.056670447147981126 0.14482668667008758
0 0.42911851973448245 0.304130526439992 0.05657494665368965 0.14248293667008757
0 0.4818124382135515 0.2958413034691592 0.050978862661300896 0.13932612041330888
0 0.5286237712173573 0.29767651424154773 0.04758460722409339 0.11353123487468952
0 0.5747811882135516 0.29638217983439646 0.05353085969555131 0.1252818011314681
0 0.6221191032325797 0.3044719357863248 0.04844411167271758 0.13462498487468952
0 0.675148602738288 0.3071247579950318 0.05451769813656426 0.14950055113146812
0 0.7224374382135516 0.2972412187674203 0.04670519813656426 0.14945509933607007
0 0.7785746916735927 0.28115767651474677 0.05078786167271758 0.1346386204133089
0 0.8248130217116486 0.29705538728713526 0.04426594764227261 0.1470977137974506
0 0.8679409392021349 0.2933991221618248 0.04417044714798095 0.1447539637974506
0 0.9144803581754954 0.2827297877546735 0.05423119665368965 0.1424693011314681
0 0.965947357681204 0.2853735196043009 0.050501360189842616 0.12760737041330888
0 0.8711189718253796 0.13869344144366552 0.04600486117842593 0.13226759933607007
0 0.9170681417873233 0.12333206185697446 0.045527358706968356 0.12054884933607006
0 0.9648689718253796 0.1392388629884426 0.04641869665368965 0.14242384933607005
0 0.4612307523970959 0.7817742582896193 0.043756611672717584 0.1345977137974506
0 0.5084877543742621 0.772671969062008 0.04590936068413463 0.12992384933607007
0 0.5525070098114696 0.7471407039366974 0.05031035920125966 0.1229198704133088
0 0.6033691728533312 0.7646281857863249 0.05423119665368965 0.14246930113146822
0 0.655027173347623 0.7625844176359522 0.04543185821267652 0.11820509933607007
0 0.7038148418266921 0.7542724687674204 0.04610036167271758 0.13461134933607005
0 0.7525879228533313 0.7654963150784283 0.04876244665368965 0.14243748487468935
0 0.8038148418266922 0.754854251748516 0.04844411167271758 0.13462498487468952
0 0.8493820098114696 0.7488678721618248 0.0430881082126767 0.11819146379745042
0 0.8958577617886361 0.7397610377546735 0.048539612167009236 0.13696873487468936
0 0.9459214287848304 0.7384894292452213 0.054326697147980954 0.14481305113146803
0 0.5144406185184378 0.626578219062008 0.04619586216700924 0.13695509933607006
0 0.5626698714841873 0.6127929750139363 0.04543185821267652 0.11820509933607007
0 0.6064198714841873 0.6130475050681656 0.04641869665368965 0.14242384933607005
0 0.6577913704956042 0.6180349869177929 0.04876244665368965 0.14243748487468952
0 0.7097040389746733 0.6097412187674204 0.050978862661300896 0.139326120413309
0 0.7582688729670621 0.6068980198988885 0.04619586216700924 0.13695509933607006
0 0.8051438729670621 0.607170730671277 0.049144448630855916 0.15181248487468935
0 0.8529911239556454 0.6027604866232054 0.04876244665368965 0.14243748487468952
0 0.9001844589366172 0.5952206973955938 0.04600486117842593 0.13226759933607007
0 0.9488129599252005 0.5908149985270621 0.04600486117842593 0.13226759933607007