0 0.30078359850893194 0.07870522033855416 0.1478273977301443 0.11412210821486464
0 0.38041229638472557 0.402405819871016 0.1900914540774929 0.09015334308955403
0 0.5342777792959668 0.5639831484244346 0.07662599914207018 0.1636994065176623
0 0.41879753180324925 0.5865262898167867 0.13894649122451136 0.07735790641946654
0 0.3929504341522471 0.6694751452029809 0.10956286810497318 0.060783484776493604
0 0.16638558564331518 0.590338132808145 0.07428224914207018 0.163685770979043
0 0.7487748176301195 0.11827924210316407 0.1417221502374268 0.09221529195808599
0 0.7651008481132205 0.22832186261466886 0.1464862065847754 0.0680283582148646
0 0.9082059904330887 0.2228025947588838 0.1488299565847754 0.06804199375348405
0 0.9007906440357276 0.31657986583612263 0.14910274122451134 0.07741699375348414
0 0.7539156440357277 0.31743435958960675 0.13881009890464338 0.07267040641946654
0 0.7402502976383669 0.4112479921031641 0.14129024122451134 0.077371541958086
0 0.8902730296916783 0.40959406763152073 0.13448631175762457 0.08514313534222775
0 0.8853378256141854 0.49867020317014016 0.13887829506457727 0.07501415641946654
0 0.73290314740094 0.5026815131804029 0.13646634890464338 0.07265677088084707
0 0.7313429959098718 0.583145718000863 0.12923051042484132 0.06558461426498888
0 0.8821242459098719 0.58226849834968 0.13626176042484134 0.06562552088084708
0 0.7342430238856904 0.6713951517440845 0.1388100989046432 0.07267040641946654
0 0.8818992738856904 0.6705361128110605 0.1363299565847754 0.06796927088084707
0 0.8707595339148202 0.7580861097859984 0.14434704506457727 0.07504597267624522
0 0.8862732221571955 0.8423565706565828 0.13184704506457728 0.07497324980360816
0 0.7227646516240821 0.8511190131804028 0.12738686559769086 0.08275847872636959
0 0.7207725911200985 0.946426968000863 0.13419079506457726 0.07498688534222779
0 0.5104525197290553 0.7922081423743105 0.06738739146193815 0.1683323643631848
0 0.38821981855455634 0.7515200307416003 0.13903741943775677 0.08048290641946672
0 0.38652327474362025 0.8366717355620604 0.16082149122451134 0.07748517144658118
0 0.39220732191976865 0.9366217385871227 0.1538811694377567 0.08056926483072288
0 0.1603388594624986 0.7981506328081449 0.07448683762187222 0.170717020979043
0 0.1546702180005604 0.9661239279876848 0.07376176042484124 0.06526190651766228