0 0.5144766322189698 0.21144131806967864 0.11449935811666875 0.21069314668204475
0 0.49724121876742033 0.7401112107335879 0.09728458703942984 0.20580565201304496
0 0.5305996611930445 0.9650293411938964 0.24808804205628193 0.06994131761220715
0 0.839224185688129 0.7089366727800404 0.10876244252382002 0.16453576201463563
0 0.9572800040466138 0.7478366354630395 0.0854399919067724 0.22916133601209038
0 0.03898433293421331 0.9269533986712272 0.06784655103327228 0.11406304734245439
0 0.05364575487177383 0.7615102120066816 0.09923290641946654 0.1378641740133631
0 0.041849215938749955 0.6137266926718634 0.07720791549465286 0.11182838534372692
0 0.031801008486011126 0.36362669533736347 0.06011131908544903 0.12725339067472693
0 0.039485722578049345 0.20747669267186336 0.07731699980360827 0.13057838534372676
0 0.018355090260883757 0.06661533533577262 0.036596551033272286 0.11369942067154523