0 0.0421875 0.3375 0.06484375 0.21875
0 0.1234375 0.3390625 0.06015625 0.196875
0 0.196875 0.33984375 0.053125 0.228125
0 0.26796875 0.32578125 0.06484375 0.21875
0 0.4375 0.3234375 0.0578125 0.2046875
0 0.50859375 0.3328125 0.06015625 0.2234375
0 0.584375 0.32421875 0.0625 0.20703125
0 0.6671875 0.328125 0.06484375 0.2234375
0 0.7390625 0.3171875 0.06015625 0.1828125
0 0.81484375 0.3328125 0.0671875 0.21875
0 0.89296875 0.3296875 0.06953125 0.21640625
0 0.96953125 0.33359375 0.0609375 0.2265625
0 0.071875 0.70703125 0.1390625 0.10546875
0 0.2296875 0.7984375 0.13671875 0.10078125
0 0.53125 0.66015625 0.14453125 0.0890625
0 0.703125 0.8078125 0.06953125 0.2359375
0 0.78359375 0.81640625 0.0625 0.21875
0 0.86640625 0.8171875 0.06953125 0.21171875
0 0.94609375 0.8140625 0.06484375 0.21875
0 0.23046875 0.9234375 0.14921875 0.09609375