0 0.07700774971013592 0.35 0.08504390606883494 0.21875
0 0.16350335910325242 0.328125 0.08896613152302776 0.209375
0 0.27303785576927253 0.3109375 0.08775444682549968 0.19453125
0 0.35977258122346534 0.3015625 0.08623974425012407 0.2046875
0 0.4557707363742164 0.28125 0.09225062818904775 0.1921875
0 0.5501902871328207 0.30859375 0.08502805955259607 0.18984375
0 0.6603943345574452 0.31875 0.07094971303635714 0.1609375
0 0.7547820633456179 0.3265625 0.08794576546195146 0.196875
0 0.8581303328904554 0.31015625 0.09111856288657591 0.20703125
0 0.9523912573142284 0.2984375 0.09521748537154337 0.21171875
0 0.920703125 0.0203125 0.15859375 0.040625
0 0.283766901237043 0.6625 0.11431733363936125 0.0796875
0 0.5038562606301594 0.640625 0.15725413273097572 0.0984375
0 0.7677592639641393 0.6578125 0.17131663273097572 0.0984375
0 0.9403648508830631 0.6734375 0.11927029823387372 0.08671875
0 0.9374346798657361 0.95859375 0.12513064026852766 0.0828125
0 0.7623852062477112 0.94609375 0.16270690727678297 0.1078125
0 0.48287304942997017 0.9578125 0.19204372091226496 0.084375
0 0.23821425367233565 0.95625 0.16495506242753394 0.0875
0 0.09856182230878743 0.95859375 0.04738492515463037 0.0828125