0 0.3958602320124319 0.5225546934075828 0.19299448283649223 0.11905959308955402
0 0.5594389268023642 0.6996797539088249 0.09547312758364335 0.23877212939029951
0 0.7443768529810466 0.7032900463578902 0.09078562758364335 0.2387448583130606
0 0.8335485148917053 0.700428145890352 0.08575352522627852 0.24808804205628174
0 0.9286426910703878 0.7045611339864953 0.08787895140496076 0.2434141775949012
0 0.9006955510762384 0.19782986583612266 0.09053091645877273 0.2332761083130605
0 0.8110166209686147 0.1780446066627405 0.08729675454811385 0.2309141775949013
0 0.7167036947899323 0.1739070733870574 0.09580061331561965 0.24580337939029934
0 0.6218642297361203 0.16430533529091404 0.08755146567298447 0.23638292759490126
0 0.536344106700591 0.1726132598607532 0.09510925454811385 0.23095962939029935
0 0.4370354654680967 0.15835129284184873 0.08060795285270288 0.18791815651766242
0 0.3407233916467791 0.16359784992524523 0.08707843072679644 0.22622667759490128
0 0.13342031389652012 0.15386936768283438 0.0947817688161376 0.22392837939029936
0 0.05226020512901447 0.16918127117543472 0.08787895140496083 0.2434141775949013
0 0.023262419407733423 0.5513579669207086 0.046524838815466846 0.098842020979043
0 0.07247793832856952 0.6580755995324619 0.14495587665713905 0.11191471360105894
0 0.07054351654433523 0.7799596898915414 0.14108703308867046 0.10570562021691714
0 0.0619593729342127 0.9096790061483201 0.1239187458684254 0.11423119252382001