0 0.4203125 0.525 0.1875 0.11796875
0 0.5921875 0.703125 0.084375 0.23828125
0 0.77734375 0.7078125 0.0796875 0.23828125
0 0.86640625 0.70546875 0.07421875 0.24765625
0 0.96171875 0.71015625 0.0765625 0.24296875
0 0.91015625 0.203125 0.0796875 0.2328125
0 0.81953125 0.1828125 0.0765625 0.23046875
0 0.725 0.178125 0.084375 0.2453125
0 0.6296875 0.16796875 0.0765625 0.2359375
0 0.54453125 0.17578125 0.084375 0.23046875
0 0.44453125 0.1609375 0.071875 0.1875
0 0.3484375 0.165625 0.0765625 0.22578125
0 0.140625 0.1546875 0.084375 0.2234375
0 0.06015625 0.16953125 0.0765625 0.24296875
0 0.03515625 0.5515625 0.06953125 0.0984375
0 0.0890625 0.65859375 0.16796875 0.1109375
0 0.0875 0.78046875 0.175 0.1046875
0 0.08203125 0.91015625 0.16328125 0.11328125