0 0.04453125 0.1546875 0.0828125 0.309375
0 0.13671875 0.16796875 0.071875 0.2984375
0 0.225 0.16015625 0.0796875 0.31484375
0 0.31015625 0.146875 0.0671875 0.27890625
0 0.3921875 0.16484375 0.0765625 0.31015625
0 0.4734375 0.13671875 0.071875 0.2734375
0 0.56640625 0.18125 0.06953125 0.31484375
0 0.65 0.1765625 0.06484375 0.25703125
0 0.73046875 0.1828125 0.0765625 0.3125
0 0.06875 0.8265625 0.06953125 0.3078125
0 0.15390625 0.8421875 0.071875 0.31484375
0 0.2484375 0.81875 0.06953125 0.31484375
0 0.33203125 0.84453125 0.0703125 0.3109375
0 0.4171875 0.85703125 0.07421875 0.2859375
0 0.603125 0.8578125 0.071875 0.27890625
0 0.771875 0.81015625 0.0671875 0.3171875
0 0.86640625 0.7859375 0.06953125 0.29296875
0 0.94921875 0.81640625 0.071875 0.28125