0 0.05083428262324476 0.15466022646104965 0.09541856524648953 0.3093204529220993
0 0.14356295209089706 0.16558231534184525 0.0840353962731288 0.29969208279171566
0 0.23152586710992512 0.15717310531719236 0.09251639973316986 0.3143462106343847
0 0.3161409476422728 0.14146120251835753 0.07855205882069889 0.2800790121748646
0 0.3989043680985083 0.15799809172346466 0.08920039874458663 0.31149265340856663
0 0.47900836216700926 0.1329004545469524 0.08301672433401848 0.2658009090939048
0 0.5737916215585495 0.17136334213050178 0.08236014973316977 0.3160574224832901
0 0.6571943705699662 0.1652167077966586 0.07531697087397742 0.2581631018664391
0 0.7379177885547439 0.17006212054071607 0.08929589923887829 0.31383640340856667
0 0.1024298409868331 0.8253624642861851 0.0820736482502951 0.30902617248329
0 0.18822276094877702 0.8395010564133916 0.0847038997331699 0.31609833279171573
0 0.28179900600586116 0.8144135073068959 0.08236014973316985 0.3160574224832903
0 0.36644326144306855 0.8387356229730527 0.0829822322426839 0.31216480925276535
0 0.45210884741262375 0.8497492151002592 0.0858698103035735 0.28723299310014105
0 0.638078180910721 0.8472849139651688 0.08323955882069889 0.28016083279171583
0 0.8048863375267921 0.7966831217585321 0.08011190022746142 0.31836026217486457
0 0.8984307490857789 0.7708143226520365 0.08146881178644846 0.2941824224832903
0 0.9704086129270373 0.7998375750876685 0.05918277414592552 0.2825045827917155