0 0.04296875 0.1546875 0.0859375 0.309375
0 0.13085315199943298 0.16796875 0.08229666714519346 0.2984375
0 0.2194072205110873 0.16015625 0.09068208601966746 0.31484375
0 0.3050272619808996 0.146875 0.07692712086605784 0.27890625
0 0.38643102940409474 0.16484375 0.08739339491267488 0.31015625
0 0.4686631760460501 0.13671875 0.0814236479078998 0.2734375
0 0.5600768605296207 0.18125 0.08052583601966745 0.31484375
0 0.6438343016366133 0.1765625 0.07381947903342585 0.25703125
0 0.7240847968272899 0.1828125 0.08747524046617113 0.3125
0 0.04001297557328328 0.8265625 0.08002595114656656 0.3078125
0 0.1244964144436687 0.8421875 0.08286958601966746 0.31484375
0 0.21984611997863154 0.81875 0.08052583601966745 0.31484375
0 0.30253956889017247 0.84453125 0.08117067676384035 0.3109375
0 0.3872593092715256 0.85703125 0.08420390752654656 0.2859375
0 0.5731695274203602 0.8578125 0.08161462086605767 0.27890625
0 0.7435837203414513 0.81015625 0.07826393157316361 0.3171875
0 0.8389607077275795 0.7859375 0.07976194418703537 0.29296875
0 0.9207092155321277 0.81640625 0.08169646641955382 0.28125