0 0.01532499048730113 0.8609375 0.03064998097460226 0.22578125
0 0.06937964554302187 0.84765625 0.09032668131591728 0.2765625
0 0.15829793237472484 0.83671875 0.08670885765251142 0.2546875
0 0.2378566297580063 0.85234375 0.07926808397498808 0.24765625
0 0.31699039291218595 0.8484375 0.08522965763839396 0.26953125
0 0.3982936008188112 0.8609375 0.08381907608248032 0.2453125
0 0.49281714554302186 0.84765625 0.08340955240495695 0.23828125
0 0.5816066297580063 0.85234375 0.08422859976000367 0.25234375
0 0.6592311008188112 0.8609375 0.07651481029746474 0.240625
0 0.7398818613421548 0.8578125 0.08877959186749589 0.25
0 0.8278368876505141 0.85 0.09180588133003482 0.26171875
0 0.9059618876505141 0.85 0.07813051820408994 0.228125