0 0.04829916478354008 0.8602692982957165 0.07450220269731676 0.22703583279171574
0 0.1286133734484038 0.8455834610397741 0.07743684603754372 0.2778579931001411
0 0.21676735411358566 0.8331050060890799 0.07483855736790748 0.2559420827917158
0 0.2974179174490401 0.8473254188331374 0.06772549136695308 0.24878810186643924
0 0.37627871411517655 0.8420418551161454 0.07266753003658924 0.27074492248329
0 0.4584554147835401 0.8531099943212525 0.07238571936663477 0.24652617248329028
0 0.5520508734484038 0.838192331984232 0.07230390336568035 0.2394949224832903
0 0.6411679174490401 0.8413252402640626 0.07246753536758935 0.25355742248328994
0 0.7193929147835401 0.8485553133165457 0.06529992536599849 0.24171594155801363
0 0.7998253021164492 0.8440257260606032 0.07712776336727103 0.251295493100141
0 0.8872343954487221 0.8346859078793841 0.0796078733688617 0.2630551534085665
0 0.9653593954487221 0.8333222309318671 0.06749822469763486 0.2292568518664389