0 0.054584829242095026 0.39921875 0.07348427876724135 0.21640625
0 0.13302807798845379 0.41015625 0.0696629453020042 0.165625
0 0.212329133082161 0.396875 0.07596442108710937 0.22109375
0 0.2931843279884538 0.41015625 0.0775352812745238 0.19453125
0 0.375678579242095 0.39921875 0.07525972743445788 0.196875
0 0.463110383082161 0.396875 0.07830817108710945 0.22109375
0 0.6386225116119755 0.521875 0.1594779515702104 0.1109375
0 0.817661490762293 0.3921875 0.08037913644737324 0.21171875
0 0.9038035792420949 0.39921875 0.07830817108710945 0.22109375
0 0.9716109744159095 0.3890625 0.05677805116818106 0.196875
0 0.9688830099626229 0.88046875 0.062233980074754315 0.2390625
0 0.9008463446149942 0.88828125 0.07837636724704353 0.2234375
0 0.813786613815324 0.8765625 0.07864915188677948 0.2328125
0 0.7357298099752582 0.87890625 0.07093594028743926 0.209375
0 0.4299571830947963 0.8953125 0.07314329796757124 0.2046875
0 0.35169579077492824 0.890625 0.08058372492717539 0.21875
0 0.26444584336135296 0.89921875 0.07305236975432586 0.2015625
0 0.17995718309479627 0.8953125 0.07327969028743926 0.209375
0 0.09937477282823959 0.89140625 0.07819451082055266 0.2171875