0 0.0578125 0.50625 0.115625 0.146875
0 0.1203125 0.2546875 0.08671875 0.259375
0 0.22578125 0.23203125 0.0765625 0.18984375
0 0.328125 0.240625 0.0796875 0.27890625
0 0.5359375 0.240625 0.08671875 0.2546875
0 0.62890625 0.2078125 0.084375 0.24296875
0 0.94609375 0.2546875 0.0890625 0.2640625
0 0.52421875 0.634375 0.196875 0.125
0 0.05078125 0.81875 0.08203125 0.26171875
0 0.15390625 0.81484375 0.08203125 0.240625
0 0.25703125 0.81875 0.08203125 0.228125
0 0.36640625 0.80546875 0.0890625 0.259375
0 0.8859375 0.77890625 0.18515625 0.125
0 0.88671875 0.91796875 0.16796875 0.115625