0 0.12768716756484808 0.7956403113462721 0.056352112167009236 0.1373096433402269
0 0.14073494870521808 0.9426511240054088 0.050023857718384954 0.11469775198918235
0 0.7170056996566202 0.5596441027609502 0.08955193133065045 0.07054031401177205
0 0.7649749674511173 0.6445372707669954 0.10614918231923358 0.07541871801399935
0 0.8169380099601937 0.8466088481062679 0.05088336216700924 0.13724600867281786
0 0.8289671191614534 0.9646197673854067 0.04855951680591417 0.07076046522918666
0 0.9635700168337997 0.7922406161282213 0.07285996633240047 0.05893065201304495
0 0.9635126552939504 0.7211650474617668 0.07297468941209928 0.05655963001272681
0 0.9796672369291588 0.5447843607972213 0.040665526141682305 0.13018748667249974
0 0.9761393594484055 0.3166957234643122 0.04772128110318903 0.11615225867281787
0 0.8724187584401382 0.4451014394493583 0.05606561068413427 0.1302783933402269
0 0.8179076719762914 0.42963043344204044 0.053339858706968266 0.12087612133990877
0 0.7625025889724857 0.43054749610117715 0.05263952174882984 0.10368862133990878
0 0.7072248399610689 0.4345895587603139 0.05400836216700924 0.13728237133990878
0 0.650974839961069 0.43393503075267786 0.05050136018984297 0.12787100867281787
0 0.04277767939066512 0.4557505606699544 0.05423119665368962 0.14275112133990878
0 0.09867751091159596 0.44781133867759043 0.05059686068413449 0.13021475867281787
0 0.14722775745155486 0.43197780068427194 0.05353085969555131 0.12556362133990878
0 0.20347775745155486 0.43263232869190793 0.05078786167271767 0.13490225867281785
0 0.26122659045536045 0.4317425380330894 0.04543185821267652 0.1184414646721816
0 0.3142242564629717 0.42923570337363454 0.05625661167271767 0.1349658933402269
0 0.3706652574515549 0.43457773138127054 0.04844411167271767 0.13487498667249972
0 0.43724792098770815 0.4205157787237247 0.05333985870696818 0.12087612133990877
0 0.49297133897248563 0.42741121606458793 0.053435359201259656 0.12321987133990878
0 0.5470367564629717 0.43194472207190576 0.04533635771838505 0.11609771467218159
0 0.5996670079458465 0.4395850467456782 0.05391286167271758 0.13493862133990878
0 0.8644258918245045 0.2872707581158128 0.048539612167009236 0.13721873667249973
0 0.8103923078321156 0.283518502108495 0.05120169714798104 0.14505850867281786
0 0.7547643903416297 0.27896681476763174 0.05110619665368965 0.14271475867281785
0 0.7028663093149905 0.2892952400938593 0.05059686068413445 0.13021475867281787
0 0.6358233893530466 0.2728975334181779 0.047966609201259655 0.12315623667249972
0 0.5909883918245045 0.28408902474536 0.047966609201259655 0.12315623667249972
0 0.5316133918245045 0.28339813407063313 0.050692361178426106 0.13255850867281788
0 0.4728923078321158 0.27959133406267894 0.04257877224312132 0.10591419267186346
0 0.4189223908359213 0.27740157805536103 0.05657494665368965 0.1427783933402269
0 0.3587661408359213 0.2767015967138614 0.05110619665368965 0.14271475867281785
0 0.3032973908359213 0.27605615937299816 0.05110619665368965 0.14271475867281785
0 0.24758856030357362 0.2886828813653622 0.04844411167271767 0.13487498667249972
0 0.9341813404181794 0.04444800612663054 0.045706430836358794 0.06768748667249973
0 0.9796875 0.04733719613299388 0.040625 0.07234771467218157
0 0.8823323389353046 0.03681677211963086 0.04278967787060921 0.05359771467218157
0 0.19218347729976804 0.28959994402449885 0.053626360189842924 0.12790737133990876
0 0.14277372631118487 0.2843397320178173 0.05088336216700924 0.13724600867281786
0 0.08343055980928206 0.2844300913430905 0.04707527125453825 0.10128123667249973
0 0.03362156079786523 0.2885357886696362 0.04748910672980179 0.11143748667249972
0 0.010839340912471004 0.03604658800127267 0.02167868182494201 0.07209317600254533