0 0.1740735481762452 0.853125520880847 0.05302230024766903 0.09871930113146803
0 0.1798034714594435 0.9589210029268663 0.04916955417661049 0.0821579941462673
0 0.9130268862655864 0.8550815107255063 0.04967897642635144 0.09401362041330899
0 0.9176673444949728 0.9688742824901162 0.05156680810555194 0.0622514350197676
0 0.9729490508156197 0.5477053479613281 0.05410189836876071 0.10342043667008767
0 0.9684869042576636 0.43598659796132794 0.049133166873057375 0.08229487041330899
0 0.906658992347005 0.433283778777683 0.05313146215832774 0.10106305113146807
0 0.8573204259692855 0.5478093662098964 0.058037285979645505 0.10577782220870695
0 0.8481744042576637 0.4352866403121974 0.050224785979645505 0.10573237041330899
0 0.8018152886657326 0.54670540846257 0.053458947890304295 0.10809430113146803
0 0.7454925140586267 0.5448156555357038 0.055475212158327736 0.10107668667008766
0 0.6924766759692854 0.5468503333269968 0.050224785979645324 0.10573237041330899
0 0.7322219185256873 0.4275827037403056 0.050697820925833526 0.11588862041330894
0 0.7892895558292403 0.4286957518467117 0.04755355024766903 0.09868748487468952
0 0.9760450868999634 0.2173638629884426 0.047909826200073266 0.11592043667008758
0 0.042673459262843674 0.21190964754067196 0.05022478597964538 0.1057323704133089
0 0.07306524234700493 0.42843407220870694 0.05334978597964537 0.10575055113146807
0 0.08123096091547352 0.5534477077473264 0.05334978597964537 0.10575055113146803
0 0.1325023624870501 0.5474976895969539 0.04477315260503385 0.08929884933607006
0 0.13556524234700493 0.42879768657189177 0.047662712158327826 0.10103123487468939
0 0.1896898161683225 0.43379880396013853 0.06038103597964537 0.10579145774732641
0 0.2564770558292403 0.42559593940056206 0.05558437406898662 0.10342043667008749
0 0.3150708058292403 0.4259368278660478 0.05814644789030421 0.108121572208707
0 0.3768987177398991 0.42863964704969265 0.04542812406898662 0.10336134933607007
0 0.4321491439185815 0.4242748547970191 0.06049019789030421 0.1081352077473264
0 0.49575787965055784 0.43167426433974365 0.05214900496239867 0.07996930113146808
0 0.5495185804363462 0.4288628817279904 0.05616657092583353 0.11592043667008749
0 0.6090027423470049 0.43155206537301594 0.05313146215832774 0.10106305113146807
0 0.6641803939185815 0.4256247731203423 0.04799019789030421 0.10806248487468953
0 0.2645336124870501 0.5482658249391814 0.05605740901517464 0.11357668667008766
0 0.3261795878799442 0.5470623941228264 0.05334978597964542 0.10575055113146821
0 0.44013292596928544 0.5453822403356385 0.049133166873057556 0.08229487041330899
0 0.4987994505763913 0.5472856288011242 0.05814644789030421 0.10812157220870695
0 0.5635340386657325 0.5453191287029282 0.05770980024766903 0.09874657220870695
0 0.6251436267550737 0.5433344478865733 0.05580269789030421 0.10810793667008767