0 0.8621639970304991 0.34245879087793146 0.11544079506457763 0.07487780103327228
0 0.9707381388723547 0.15562693227028337 0.058523722255290525 0.1612602077473264
0 0.0491675550272002 0.4548965782588311 0.052483805489418625 0.13934430113146806
0 0.11350283966693628 0.46464428298109556 0.05498667986259801 0.1448266866700875
0 0.05329642854244977 0.6236420330792913 0.04901782468974851 0.127607370413309
0 0.19251805291562915 0.6299198250373774 0.06015155298213615 0.1612602077473264
0 0.2612225888090065 0.6287573008368806 0.057466822182466085 0.14952782220870695
0 0.3836969823825157 0.6232208940246305 0.05626202335696497 0.10812157220870695
0 0.44943564264907243 0.6275089391059745 0.05981057218246608 0.1495414577473264
0 0.5204611964891385 0.6255788004440971 0.06201792986259811 0.14486759328594587
0 0.5852594823825157 0.6243935503459012 0.05753501834239998 0.15187157220870695
0 0.6571344823825157 0.6248117068635637 0.057262233702664034 0.14249657220870696
0 0.7141657323825157 0.6251435049699696 0.05960598370266403 0.14251020774732642
0 0.7766657323825157 0.6255071193331544 0.05532766066226813 0.15654543667008766
0 0.8369811067556953 0.6313258481577197 0.05987876834239998 0.15188520774732642
0 0.9602367503292044 0.6257939865250095 0.0621543221824659 0.14955509328594588
0 0.9533465896669362 0.4695303509863901 0.05193823620994635 0.12059430113146803
0 0.8922954294003794 0.46526957698228494 0.05974237602253183 0.1471977077473264
0 0.8259346435070022 0.46644573672140127 0.057466822182465994 0.149527822208707
0 0.7607953768139548 0.4559122368195971 0.057330429862598106 0.14484032220870696
0 0.6983863050272002 0.4586736224564124 0.05787599914207018 0.16359032220870695
0 0.6288095909205775 0.4567066014773694 0.05284751834239998 0.1518443011314682
0 0.5664232511871342 0.4602492371141847 0.05773960682220221 0.15890282220870694
0 0.5021334306540208 0.4520640323919204 0.06021974914207018 0.16360395774732642
0 0.4438351973470683 0.4618793939264346 0.05193823620994635 0.12059430113146803
0 0.3771788947606435 0.45289930366555087 0.06470266066226812 0.1565999788245652
0 0.3124488050272002 0.45642830376374677 0.05498667986259802 0.14482668667008766
0 0.2521788947606435 0.45217207493918155 0.06939016066226814 0.15662724990180407
0 0.1825339844940868 0.44786130396013857 0.05525946450233406 0.1542016866700875