0 0.85234375 0.3375 0.11328125 0.07421875
0 0.9671875 0.15 0.05546875 0.1609375
0 0.0359375 0.4546875 0.0484375 0.1390625
0 0.1 0.4640625 0.05078125 0.14453125
0 0.03515625 0.6234375 0.0453125 0.12734375
0 0.17421875 0.62890625 0.05546875 0.1609375
0 0.24296875 0.62734375 0.053125 0.14921875
0 0.365625 0.62109375 0.053125 0.1078125
0 0.43125 0.625 0.05546875 0.14921875
0 0.50234375 0.62265625 0.0578125 0.14453125
0 0.5671875 0.62109375 0.053125 0.1515625
0 0.6390625 0.62109375 0.053125 0.1421875
0 0.69609375 0.62109375 0.05546875 0.1421875
0 0.75859375 0.62109375 0.05078125 0.15625
0 0.81875 0.6265625 0.05546875 0.1515625
0 0.9421875 0.6203125 0.0578125 0.14921875
0 0.93984375 0.4640625 0.0484375 0.1203125
0 0.87890625 0.46015625 0.05546875 0.146875
0 0.8125 0.46171875 0.053125 0.14921875
0 0.74765625 0.4515625 0.053125 0.14453125
0 0.68515625 0.4546875 0.053125 0.16328125
0 0.615625 0.453125 0.0484375 0.1515625
0 0.553125 0.45703125 0.053125 0.15859375
0 0.4890625 0.44921875 0.05546875 0.16328125
0 0.43046875 0.459375 0.0484375 0.1203125
0 0.3640625 0.45078125 0.06015625 0.15625
0 0.29921875 0.4546875 0.05078125 0.14453125
0 0.2390625 0.45078125 0.06484375 0.15625
0 0.16953125 0.446875 0.05078125 0.15390625