0 0.8387376401033514 0.29427014322091427 0.15047620435383643 0.10483404535327186
0 0.8396329959084667 0.43181559655477786 0.20115825063297238 0.12494709802672599
0 0.4795064838427492 0.2578086686028211 0.10223465571244805 0.24405963001272662
0 0.9337890625 0.048858657274445896 0.132421875 0.09771731454889179
0 0.849575969499597 0.5598769618873688 0.20074902286549054 0.11322834802672599
0 0.8563393793883962 0.6864121898870506 0.18641370435383636 0.105252216024817
0 0.8653374118725339 0.8097951458864143 0.1910193588003402 0.10296301002545327
0 0.3382069713985135 0.9339455492918656 0.18649554990733277 0.10759596602481736
0 0.34531508855155624 0.8017779392902746 0.20074902286549073 0.11322834802672607
0 0.35016130125809514 0.671981351289002 0.21540179990733285 0.10793232069540774
0 0.3438616828391081 0.5587273732893202 0.19118304990733276 0.10765051002545327
0 0.33246533665263966 0.4338091892902748 0.20055804990733267 0.10775959802672612