0 0.5343775193517339 0.88203125 0.17422802026595505 0.09609375
0 0.7556158493897901 0.86640625 0.17998327174882983 0.103125
0 0.9376979014724857 0.90390625 0.12460419705502872 0.1203125
0 0.08405652577752462 0.9125 0.09776102076024666 0.0984375
0 0.09833661269848189 0.534375 0.15732702174882984 0.103125
0 0.3568985292003847 0.53359375 0.1894537722431214 0.10546875
0 0.5779922792003847 0.53359375 0.18967660672980174 0.1109375
0 0.8346879481737455 0.54453125 0.1632096072240934 0.11328125
0 0.9859679693911026 0.55390625 0.028064061217794745 0.1078125
0 0.8865516067298017 0.1109375 0.18242252224312158 0.10546875
0 0.6801278517868858 0.0875 0.1899631082126767 0.11796875
0 0.45211559832684484 0.07109375 0.1827408572240934 0.11328125
0 0.2428215113687065 0.05390625 0.196580522737413 0.1078125
0 0.04416117688202613 0.0484375 0.08829052026595507 0.09609375
0 0.3035731883250947 0.89296875 0.17783052273741298 0.1078125