0 0.055381924744105845 0.8517340495135326 0.11076384948821169 0.2810063124991763
0 0.1866644925112641 0.8219356810080022 0.13392530832640728 0.27870347280760166
0 0.3445260720550286 0.8371361668045425 0.12483680980928202 0.2855710815738998
0 0.49068348905122294 0.8330235909126857 0.13411630931499055 0.28339097280760156
0 0.6351510720550285 0.8320632885597792 0.1334159723568522 0.26620347280760165
0 0.7868090725493202 0.8270740052815964 0.13832630684353261 0.27175404342445264
0 0.9142483230436117 0.8225074618571437 0.11232488095008933 0.22758130357072232
0 0.8893185320917721 0.22727282833407933 0.14162506178644846 0.2952324537328782
0 0.7524233685556189 0.21482914976170925 0.1269895588206989 0.2809244918823251
0 0.5976403680613271 0.2198729801177929 0.13851730783211558 0.2764415434244527
0 0.45105186954420196 0.2154054427791249 0.13363880684353258 0.2716722228076017
0 0.29437078802327116 0.20955268344363404 0.12628922186256056 0.2637369918823252
0 0.1442925335746469 0.23325105641339153 0.13575972235685216 0.26624438311602716