0 0.6349374973376396 0.8861564991925164 0.12422005642076392 0.06932847280760157
0 0.632937279822709 0.8002189991925164 0.14404224715020836 0.08216939204448082
0 0.7331515661075005 0.6062041720828436 0.07071515634451409 0.1527352621748646
0 0.8373136956665285 0.6825427552815964 0.0689896553945836 0.17925685186643925
0 0.934728983851181 0.4354302017108739 0.06328386284152784 0.13542503124958802
0 0.9259864974345489 0.2612932723277249 0.07305890634451409 0.15277617248329012
0 0.9296342550339931 0.05707760978389069 0.07958101006798621 0.11415521956778138
0 0.521122385161702 0.5294037130716643 0.06842595773128472 0.15503810186643907
0 0.44604964997934077 0.5275878429412806 0.06379300911805572 0.1573000312495882
0 0.37450195829996574 0.5429049257329963 0.06826230357097227 0.14800685186643925
0 0.2856031124602782 0.5514907674531656 0.06301110590767375 0.1237062812495882
0 0.20633318654847269 0.5372430811701578 0.06352025218420154 0.14558128124958802
0 0.12882578238816017 0.5315618713481997 0.07300435495774318 0.1504324224832901
0 0.048411583774931 0.5353102086041421 0.06619131050482653 0.15968469155801354
0 0.01967998641663209 0.1739460146104966 0.0352140674386807 0.17085797077900677
0 0.08223453780340292 0.175198823052483 0.06869871466513904 0.16675685186643913
0 0.15341920678135432 0.1778641270302425 0.06619131050482654 0.15968469155801363
0 0.22921864057694458 0.17732261039115105 0.0731680091180557 0.15746367248329016
0 0.30327373641663213 0.16899586729100988 0.06412031743868063 0.17136253124958806