0 0.1813484314842344 0.8247658320337257 0.1437975395487167 0.08830961668522655
0 0.21814615618952118 0.603890258036271 0.1457586522758131 0.08364938868554468
0 0.06399157749078659 0.5307601986791812 0.12798315498157317 0.08145108935390813
0 0.6767240596732822 0.6381600014321773 0.07857076546195145 0.19760225334181775
0 0.7521066969461858 0.6343452054423586 0.08954008743238315 0.2172425913430903
0 0.8283981299767241 0.6289770001193127 0.06860596303635721 0.16158293734086335
0 0.9041315825520997 0.6400241354630396 0.07995792227969219 0.1859107753421359
0 0.9578291201439623 0.21211731146558482 0.06725062818904774 0.1927874840069997
0 0.8863687083252515 0.22536165145603979 0.07292667227969218 0.18582895934118146
0 0.8121499583252515 0.2244980381126312 0.0877544468254996 0.19536759134309048
0 0.7341047066582614 0.23219181210213166 0.08756312818904774 0.19302384134309047
0 0.6631225269617032 0.22041797075904118 0.08230167227969254 0.18593804734245412
0 0.5079088684769723 0.21548392807126948 0.07115687818904774 0.19283293734086332
0 0.4351090972651449 0.20681690539463354 0.07857076546195145 0.19760225334181775
0 0.27480932605331765 0.19713172803945272 0.07761417227969244 0.1858835033418178
0 0.2004152328710586 0.20799595536281684 0.07957528500678883 0.18122327534213598
0 0.121907595598155 0.2117743886855446 0.07330930955259606 0.1905164593411815
0 0.042845391512844486 0.22570907200827234 0.08569078302568897 0.20549656934277225