0 0.2484375 0.821875 0.13671875 0.08671875
0 0.2671875 0.60078125 0.1390625 0.08203125
0 0.0921875 0.5296875 0.1515625 0.0796875
0 0.728125 0.6296875 0.0625 0.196875
0 0.803125 0.625 0.071875 0.21640625
0 0.87890625 0.61875 0.05546875 0.1609375
0 0.95546875 0.62890625 0.06484375 0.18515625
0 0.97421875 0.20078125 0.0515625 0.1921875
0 0.90390625 0.21484375 0.0578125 0.18515625
0 0.8296875 0.21484375 0.071875 0.19453125
0 0.75234375 0.2234375 0.071875 0.1921875
0 0.68046875 0.2125 0.0671875 0.18515625
0 0.525 0.209375 0.05546875 0.1921875
0 0.4515625 0.2015625 0.0625 0.196875
0 0.290625 0.19375 0.0625 0.18515625
0 0.2171875 0.20546875 0.06484375 0.18046875
0 0.1390625 0.21015625 0.0578125 0.18984375
0 0.0609375 0.225 0.06953125 0.2046875