0 0.26756685296097293 0.8189841679662742 0.1387371513105209 0.08830961668522627
0 0.28117083880892413 0.5976722419637289 0.14097179853697925 0.08364938868554468
0 0.10451611341020879 0.5286148013208187 0.15341724715020844 0.08145108935390813
0 0.7427811392457644 0.6212149985678227 0.06708231648875014 0.19760225334181775
0 0.8176720364722229 0.6156547945576414 0.07691191137850728 0.2172425913430903
0 0.8933078161075005 0.6085229998806874 0.05921461189159736 0.16158293734086335
0 0.967765025336363 0.6177883645369604 0.06446994932727393 0.1859107753421359
0 0.9754370643045487 0.1894451885344152 0.04912587139090263 0.1927874840069997
0 0.9089067937873267 0.20432584854396021 0.062122059554896226 0.18582895934118146
0 0.8346880437873265 0.2051894618873688 0.07640276510197949 0.19536759134309048
0 0.7575443155388196 0.21468318789786833 0.0763482137152085 0.19302384134309047
0 0.6854147424005557 0.2045820292409588 0.07149705955489587 0.18593804734245412
0 0.5298732572181947 0.20326607192873056 0.059941963715208504 0.19283293734086326
0 0.45625391926229186 0.19630809460536647 0.06708231648875014 0.1976022533418178
0 0.2951345813063891 0.19036827196054726 0.06680955955489605 0.1858835033418178
0 0.22196983824024322 0.20294154463718317 0.06904420678135433 0.18122327534213598
0 0.1439539410137849 0.2085381113144554 0.062231162328437686 0.1905164593411815
0 0.06617443313000018 0.22429092799172765 0.07429540444465295 0.20549656934277233