0 0.024590682634243178 0.6318221717411687 0.049181365268486356 0.18783634328594587
0 0.08663824967079559 0.6197034459416656 0.07016305047485369 0.1831897499018041
0 0.15901335484364507 0.6020977894240032 0.06504364146193824 0.16831872882456517
0 0.23052464199066364 0.6141796329063408 0.06547555047485369 0.18316247882456532
0 0.30311269583072964 0.6161006812091385 0.07002665815498563 0.17850224990180408
0 0.3728258022572203 0.6094461602300956 0.06511183762187223 0.17066247882456534
0 0.4400814984171544 0.6067115247896719 0.0654073543149197 0.18081872882456515
0 0.5115700535108616 0.6195746182720097 0.06561194279472175 0.18784997882456517
0 0.5821326060972863 0.6105718021134268 0.0648390529821361 0.16128747882456534
0 0.6457321048436451 0.5992661425707022 0.06285901583511766 0.17377384328594586
0 0.7132605856433152 0.5871565071302787 0.06795569279472176 0.1878636143631848
0 0.7915901741231173 0.5796707391762979 0.07029944279472175 0.18787724990180407
0 0.8590360868969565 0.5972440585563344 0.06429348370266368 0.14253747882456516
0 0.9237889086837111 0.5999918086545304 0.06561194279472175 0.18784997882456517
0 0.9739480330568904 0.5942321671639825 0.022302211995051734 0.1758812439498758
0 0.21989599670129473 0.28148530757437584 0.11042433762187223 0.17092609923787416
0 0.022951556083818388 0.8349244458434697 0.045903112167636775 0.18079145774732658
0 0.08364832733004499 0.8298415152235064 0.06306360431491967 0.18080509328594588
0 0.15482464535587592 0.7997449490649237 0.0631318004748537 0.18314884328594588
0 0.22396945044958314 0.8126216780858806 0.06292721199505165 0.17611759328594587
0 0.2934615288337484 0.2498126058771736 0.1054640529821361 0.16152382816063532
0 0.294858611969781 0.819239316747758 0.0654073543149197 0.18081872882456543
0 0.37139837991646973 0.8195751391528567 0.07016305047485369 0.1831897499018041
0 0.44265125428964913 0.813692777814734 0.06376829796757129 0.20502384328594586
0 0.5118869875966017 0.823444506835691 0.0682284774344577 0.1972386143631848
0 0.5817137542896491 0.8128837358566481 0.06333638895465583 0.19018009328594587
0 0.3761232646479834 0.28135752166641403 0.07537573620994635 0.12073065651766246
0 0.46279655054136076 0.28241550673749527 0.11562030298213628 0.1615829154946528
0 0.5308024044605689 0.2538996212970717 0.11568849914207018 0.16392666549465282
0 0.6064699941940124 0.2573649888817102 0.08878501834239998 0.15205337939029934
0 0.6802939391003051 0.2436564920049682 0.09658915815498563 0.17865678600615764
0 0.7546263493668617 0.23931844994868637 0.10148124663478768 0.18571530708339648
0 0.8187570455267957 0.23660199522642206 0.09401808762187222 0.17083065046753818
0 0.9017059378466638 0.23143270619520226 0.11015155298213627 0.16155109923787417
0 0.6502508056224326 0.7929570552366847 0.058376104314919706 0.18077782220870695
0 0.7206087697290553 0.790985489078102 0.06065165815498563 0.17844770774732624
0 0.7953587171426305 0.7991429018422803 0.07036763895465584 0.19022099990180408
0 0.8608473248227625 0.8034486067609363 0.06249530298213628 0.16127384328594588
0 0.9273217709826966 0.8007185165000525 0.06058346199505138 0.17610395774732632
0 0.9674135058724946 0.20136795629339818 0.057034913169550804 0.13468407220870698