0 0.05800851759283119 0.6326585413958579 0.06436014427970269 0.1885091209411625
0 0.12634928982534976 0.6221398271096727 0.07122770317271013 0.18394435186643907
0 0.19762408909971035 0.6062069099013885 0.06602184800056703 0.1690187812495882
0 0.2699355987183572 0.6199614926931041 0.06654020317271012 0.1838625312495882
0 0.34267369427185346 0.6235734622542949 0.07106401206571755 0.17925685186643908
0 0.4119866894625301 0.6185371347375851 0.06610369355406327 0.1713625312495882
0 0.47909234390903377 0.6173661469124496 0.06645835761921379 0.1815187812495882
0 0.5514311353788461 0.6319019797041653 0.06670389427970277 0.1885500312495882
0 0.6214435350160263 0.6245355389569305 0.06577631134007814 0.1619875312495882
0 0.6843428390997104 0.6147026172844192 0.06386907095872499 0.17444662094116267
0 0.7511211113322289 0.604156629459284 0.06904764427970278 0.18859094155801354
0 0.8290005746717402 0.598489056406801 0.07139139427970269 0.18863185186643908
0 0.8975968072485451 0.6176442053511406 0.06512154691210767 0.1432375312495882
0 0.9625496846532066 0.6219010572175799 0.06670389427970277 0.1885500312495882
0 0.2380010301218849 0.28679443668674964 0.11141619355406326 0.17215346387914793
0 0.06900804889584244 0.8358517252432336 0.06177085761921384 0.1814369606327369
0 0.13681310778884986 0.8323506241875733 0.06411460761921384 0.18147787094116258
0 0.2060888974445636 0.8038904334403387 0.06419645317271012 0.18382162094116267
0 0.2760839389143759 0.8183853559236288 0.06395091651222132 0.17679037094116268
0 0.3095660060752678 0.2568126562479405 0.10640131134007813 0.16269664326229696
0 0.3474232255748647 0.8266575519458694 0.06645835761921388 0.18151878124958792
0 0.42401300742603015 0.8287752053544359 0.07122770317271013 0.18394435186643898
0 0.4949157844678722 0.8245474013766764 0.06496034500534212 0.2056966209411626
0 0.5648016985330228 0.8359173238599666 0.06937502649368792 0.19796594155801364
0 0.6339782844678721 0.8269747463432567 0.06444198983319893 0.19085287094116268
0 0.3942783119730503 0.29030304058178363 0.07607640507947586 0.12156708279171564
0 0.4810516256753812 0.2933792219935275 0.11655756134007814 0.16287392126547412
0 0.5472569790334257 0.2664269841683921 0.11663940689357447 0.16521767126547413
0 0.6231746382892529 0.27165600080748364 0.089667679126093 0.15303527110331833
0 0.6961483468194407 0.2596566071381496 0.09762651206571746 0.17972050202859488
0 0.7702306875636136 0.25704585023829074 0.10255954872620646 0.18683357264544592
0 0.8342113420101173 0.2558203153352547 0.09500994355406327 0.17186709172016937
0 0.9168601509031248 0.25257831289962274 0.11108881134007831 0.16277846387914793
0 0.7012649881887365 0.8086298952875964 0.05942710761921379 0.18139605032431155
0 0.7715229244864057 0.8082947045403618 0.06168901206571746 0.17909321063273714
0 0.8468230248492252 0.8181975844099781 0.07147323983319893 0.19097560186643925
0 0.9126117159562177 0.8240305730458924 0.06343256134007831 0.1619466209411627
0 0.9740662685733055 0.8228459484512818 0.05186746285338906 0.17674946063273717
0 0.9758792256793057 0.22402266476606184 0.04824154864138848 0.13530230032431162