0 0.0359375 0.63203125 0.0578125 0.1875
0 0.1046875 0.6203125 0.06484375 0.1828125
0 0.1765625 0.603125 0.06015625 0.16796875
0 0.2484375 0.615625 0.06015625 0.1828125
0 0.32109375 0.61796875 0.06484375 0.178125
0 0.390625 0.61171875 0.06015625 0.1703125
0 0.4578125 0.609375 0.06015625 0.18046875
0 0.5296875 0.62265625 0.06015625 0.1875
0 0.6 0.6140625 0.06015625 0.1609375
0 0.66328125 0.603125 0.0578125 0.1734375
0 0.73046875 0.59140625 0.0625 0.1875
0 0.80859375 0.584375 0.06484375 0.1875
0 0.8765625 0.60234375 0.06015625 0.1421875
0 0.94140625 0.60546875 0.06015625 0.1875
0 0.99140625 0.6 0.0171875 0.17578125
0 0.228125 0.2828125 0.10546875 0.1703125
0 0.03984375 0.83515625 0.05546875 0.18046875
0 0.1078125 0.83046875 0.0578125 0.18046875
0 0.178125 0.80078125 0.0578125 0.1828125
0 0.24765625 0.8140625 0.0578125 0.17578125
0 0.30078125 0.2515625 0.10078125 0.1609375
0 0.31875 0.82109375 0.06015625 0.18046875
0 0.3953125 0.821875 0.06484375 0.1828125
0 0.46640625 0.81640625 0.0578125 0.2046875
0 0.5359375 0.8265625 0.0625 0.196875
0 0.60546875 0.81640625 0.0578125 0.18984375
0 0.384375 0.28359375 0.071875 0.1203125
0 0.47109375 0.28515625 0.1109375 0.1609375
0 0.53828125 0.25703125 0.1109375 0.16328125
0 0.6140625 0.2609375 0.084375 0.1515625
0 0.6875 0.24765625 0.09140625 0.178125
0 0.76171875 0.24375 0.09609375 0.18515625
0 0.82578125 0.24140625 0.0890625 0.1703125
0 0.90859375 0.23671875 0.10546875 0.1609375
0 0.6734375 0.796875 0.053125 0.18046875
0 0.74375 0.7953125 0.05546875 0.178125
0 0.81875 0.80390625 0.06484375 0.18984375
0 0.884375 0.80859375 0.0578125 0.1609375
0 0.95078125 0.80625 0.05546875 0.17578125
0 0.9734375 0.20703125 0.053125 0.134375