0 0.05209397822588065 0.5013443313820891 0.05560044530200421 0.16592043667008766
0 0.10992921027919197 0.5017892380961433 0.06504364146193824 0.16831872882456517
0 0.17240647822588065 0.5006443737329587 0.05560044530200416 0.16592043667008766
0 0.23205426286561673 0.5096739400879331 0.06001516066226813 0.1565727077473266
0 0.297429210279192 0.5006983950065893 0.04992710682220221 0.158857370413309
0 0.369304210279192 0.5002802384889268 0.05553224914207018 0.16357668667008768
0 0.43394337179938997 0.49287173858712263 0.06021974914207018 0.16360395774732642
0 0.5037928705457487 0.5034047176080796 0.06028794530200408 0.16594770774732642
0 0.566383798758994 0.506166103244895 0.05525946450233406 0.15420168667008766
0 0.6288156025990601 0.5034587388817103 0.05455477084968265 0.12998293667008767
0 0.6976792628656167 0.5069650130822071 0.06249530298213628 0.16127384328594588
0 0.7650486192921074 0.5128241276417835 0.062427106822202205 0.15893009328594587
0 0.825045744918928 0.5070053988172182 0.05817151583511766 0.17374657220870696
0 0.8899349590255508 0.5081906489154141 0.05794419530200408 0.16593407220870696
0 0.9525713513454189 0.5125145345522293 0.05823971199505138 0.17609032220870696
0 0.05703021615168673 0.29503069886853184 0.09848061559769077 0.08259030708339647
0 0.9711345170887589 0.15687761290925645 0.05669393236988043 0.12296532220870704
0 0.04737068896729103 0.6881221687161067 0.05982494404836297 0.17688066256778665
0 0.10966610048748897 0.680727304352922 0.05532766066226813 0.15654543667008766
0 0.17409231334047043 0.6928545996306577 0.06263169530200416 0.16596134328594586
0 0.23477976075404566 0.6839063256265525 0.06490724914207018 0.16363122882456532
0 0.310515546647423 0.6819029432111912 0.05767141066226813 0.15655907220870696
0 0.448660404327555 0.676410946432645 0.06028794530200408 0.16594770774732642
0 0.509021242807357 0.6830922176080797 0.06470266066226812 0.15659997882456517
0 0.5739104569139797 0.6842774677062755 0.05512307218246608 0.14951418667008767
0 0.6386860107540457 0.6815564678044714 0.06008335682220221 0.1589164577473264
0 0.7092485633404705 0.6897411516458887 0.06966294530200408 0.16600224990180407
0 0.7741150453937818 0.6901451517440844 0.05525946450233406 0.15420168667008766
0 0.8328224556603384 0.6937105132785988 0.05710310932948452 0.13702782220870696
0 0.8940100082467634 0.7019497392744937 0.055532249142070354 0.16357668667008768
0 0.9597032044066973 0.7039116941931497 0.06008335682220221 0.1589164577473264