0 0.0375 0.5015625 0.05078125 0.165625
0 0.0953125 0.50234375 0.06015625 0.16796875
0 0.1578125 0.5015625 0.05078125 0.165625
0 0.2171875 0.5109375 0.05546875 0.15625
0 0.2828125 0.50234375 0.0453125 0.15859375
0 0.3546875 0.50234375 0.05078125 0.16328125
0 0.41953125 0.4953125 0.05546875 0.16328125
0 0.4890625 0.50625 0.05546875 0.165625
0 0.5515625 0.509375 0.05078125 0.15390625
0 0.6140625 0.50703125 0.05078125 0.1296875
0 0.6828125 0.5109375 0.0578125 0.1609375
0 0.75 0.5171875 0.0578125 0.15859375
0 0.81015625 0.51171875 0.053125 0.1734375
0 0.875 0.51328125 0.053125 0.165625
0 0.9375 0.51796875 0.053125 0.17578125
0 0.0484375 0.2953125 0.09609375 0.08203125
0 0.96640625 0.1625 0.053125 0.12265625
0 0.02734375 0.68828125 0.0546875 0.1765625
0 0.08984375 0.68125 0.05078125 0.15625
0 0.15390625 0.69375 0.0578125 0.165625
0 0.21484375 0.68515625 0.06015625 0.16328125
0 0.290625 0.68359375 0.053125 0.15625
0 0.42890625 0.67890625 0.05546875 0.165625
0 0.4890625 0.6859375 0.06015625 0.15625
0 0.55390625 0.6875 0.05078125 0.14921875
0 0.61875 0.68515625 0.05546875 0.15859375
0 0.6890625 0.69375 0.06484375 0.165625
0 0.75390625 0.69453125 0.05078125 0.15390625
0 0.8125 0.6984375 0.053125 0.13671875
0 0.8734375 0.70703125 0.05078125 0.16328125
0 0.9390625 0.709375 0.05546875 0.15859375