0 0.037862472015925054 0.8852022506763177 0.07572494403185011 0.06833292401336308
0 0.1354750802824687 0.8755465346912716 0.10208147840327397 0.07067667401336308
0 0.29315810549723936 0.850020918045816 0.12148989767057934 0.06856019068268111
0 0.5551568164876588 0.8178918600811326 0.10652331693788461 0.06604371801399936
0 0.016070168617822247 0.6144261266709089 0.032140337235644495 0.07025850334181775
0 0.13327625169748064 0.6042618806890444 0.11198874491161734 0.08094201201463562
0 0.2616469131628699 0.601065250039771 0.10442522840327398 0.07070394601368121
0 0.3991059695853051 0.60344645739177 0.1147043091359686 0.07316587468172671
0 0.5350844131628699 0.6042469834102238 0.10676897840327407 0.07073121801399936
0 0.6581500989385187 0.5978617180935413 0.08777331693788462 0.06582554201145392
0 0.7946641310506942 0.6033588347787676 0.11108798620519025 0.06375451201463563
0 0.9158773897571215 0.5875712974617668 0.10713747060135788 0.07776246801399936
0 0.007282206439978234 0.5299238573360908 0.014564412879956468 0.06531646467218159
0 0.05544890208159344 0.46342724801081764 0.1098906563770066 0.08560224001431749
0 0.12677170341564592 0.38530279535327183 0.11062764077317437 0.0996647400143175
0 0.0837896653105765 0.3253914460136812 0.07095430913596859 0.07265679734245412
0 0.024622953980457975 0.3402255580044543 0.04924590796091595 0.07028577534213598
0 0.3365428510862253 0.3205152313812706 0.10862140547249544 0.06138349001431749
0 0.4619932304394389 0.3133759880649061 0.11445864767057934 0.06847837468172653
0 0.5863790767759658 0.3265492447485417 0.09986055913596861 0.07299315201304486
0 0.6878187460432711 0.3300747814289956 0.09023989767057934 0.06819656401177224
0 0.8317325203535306 0.32862246411517654 0.10886706693788462 0.06607099001431749
0 0.9429156818189199 0.3252258387969031 0.08020647840327406 0.07042213534372684
0 0.9545259684536512 0.2081019734643122 0.0513721494796016 0.11615225867281789
0 0.9020217661696591 0.22547073945731247 0.06106805404758582 0.15218066534054514
0 0.815712451945308 0.21664917544554027 0.056012061849502005 0.14509487133990878
0 0.7592986776350484 0.2191196474379043 0.047544464608463954 0.1325039646721816
0 0.5245551854369644 0.22342369740608756 0.10442522840327406 0.07070394601368121
0 0.5406172766851087 0.1556003980744511 0.10454805913596861 0.07304769601368118
0 0.3749889546588413 0.13882033605186125 0.1216846494796016 0.11697041868236288
0 0.2746790954320157 0.039155596037543726 0.0756418091359686 0.07271134134309046
0 0.05588375056582688 0.20155395667568138 0.10652331693788471 0.06604371801399936
0 0.05548895197319329 0.12176645934118144 0.11097790394638658 0.0661891686823629
0 0.055635846336526865 0.05299827800763601 0.11127169267305373 0.059121556015272025
0 0.0625 0.007758503341817792 0.125 0.015517006683635584