0 0.08984375 0.03125 0.084375 0.0625
0 0.1046875 0.12265625 0.11328125 0.0765625
0 0.1046875 0.21171875 0.103125 0.071875
0 0.1 0.2953125 0.0984375 0.071875
0 0.13359375 0.37109375 0.0890625 0.06015625
0 0.134375 0.44453125 0.1109375 0.0765625
0 0.25625 0.6828125 0.05078125 0.1390625
0 0.2546875 0.89921875 0.053125 0.15390625
0 0.3125 0.68046875 0.0484375 0.1390625
0 0.375 0.67890625 0.04296875 0.11328125
0 0.43984375 0.6734375 0.0484375 0.15859375
0 0.5046875 0.6765625 0.053125 0.11796875
0 0.56953125 0.67890625 0.053125 0.1515625
0 0.62890625 0.6859375 0.05078125 0.13203125
0 0.6890625 0.6859375 0.05546875 0.1421875
0 0.7546875 0.6890625 0.0484375 0.146875
0 0.3171875 0.9125 0.0484375 0.15625
0 0.3796875 0.9125 0.053125 0.1609375
0 0.44140625 0.89921875 0.0453125 0.14453125
0 0.49609375 0.91015625 0.05078125 0.15625
0 0.57421875 0.9015625 0.0484375 0.15859375
0 0.6359375 0.9 0.05078125 0.15625
0 0.6921875 0.8921875 0.053125 0.1390625
0 0.759375 0.89921875 0.053125 0.14921875
0 0.8234375 0.9015625 0.05546875 0.14921875
0 0.88359375 0.8953125 0.0453125 0.1515625
0 0.9390625 0.68515625 0.05546875 0.15390625
0 0.87734375 0.6859375 0.053125 0.13671875
0 0.81640625 0.678125 0.05546875 0.14453125
0 0.7609375 0.4671875 0.1078125 0.06484375
0 0.85 0.38671875 0.05078125 0.1390625
0 0.90859375 0.390625 0.0484375 0.13671875
0 0.96953125 0.38828125 0.0609375 0.1515625