0 0.054941833599199255 0.6856875151253105 0.05108303327818298 0.15184430113146802
0 0.06176635226688563 0.8528522892276115 0.05363133482031053 0.16357668667008768
0 0.11641512174864618 0.6712659459416657 0.04820349512873605 0.16588862041330898
0 0.1226220316500346 0.8478102652235064 0.051287584820310525 0.16356305113146802
0 0.17824078611426147 0.8560813074761799 0.051164853895034 0.15653180113146803
0 0.17519978652129856 0.68186255747618 0.051287584820310525 0.16356305113146802
0 0.23058671590444754 0.6768523497288536 0.056056905437161575 0.16827782220870696
0 0.240699875805836 0.8533739431129952 0.0514103157455871 0.17059430113146812
0 0.29847146549741044 0.8506938498270493 0.055934174511885 0.16124657220870722
0 0.2914423952875965 0.6718103257247485 0.05346769358660843 0.15420168667008766
0 0.3490367069759938 0.6589739824388026 0.05354951420345948 0.15888918667008767
0 0.35617487134160913 0.8441075065411034 0.05136940543716158 0.1682505511314681
0 0.4162629374942332 0.8398512777165383 0.05601599512873605 0.16593407220870696
0 0.40907022605071724 0.6515927536142373 0.04816258482031053 0.16354487041330898
0 0.46466170697599385 0.6583012958669109 0.05354951420345948 0.15888918667008767
0 0.47463849918263057 0.8270103892510526 0.04816258482031053 0.1635448704133089
0 0.5326282771858077 0.8368302959651068 0.05342678327818291 0.15185793667008757
0 0.5308770422033414 0.646977455606027 0.0560978157455871 0.17062157220870694
0 0.5871270422033414 0.646650202679161 0.0584415657455871 0.1706352077473266
0 0.647160561278065 0.6392689738545956 0.0538495231319132 0.17607668667008766
0 0.5901680417963043 0.8208689526791609 0.05354951420345948 0.15888918667008758
0 0.6503924756436803 0.8244252238545956 0.05334496266133186 0.14717043667008767
0 0.7153044094910561 0.8279542239527913 0.058155193586608436 0.1542289577473263
0 0.776473734572134 0.8408809499486865 0.051246674511885006 0.16121930113146804
0 0.764139555596022 0.6714042421031641 0.05120576420345948 0.1588755511314682
0 0.09635462296975747 0.1486733284552229 0.05581144358660848 0.15421532220870698
0 0.10612686363426664 0.3056636718393647 0.051164853895034 0.1565318011314682
0 0.16398027394269216 0.3076710785534188 0.051083033278183 0.1518443011314682
0 0.15260462296975746 0.14834607552835669 0.05346769358660852 0.15420168667008757
0 0.21648984496658025 0.13781712080609237 0.05581144358660846 0.15421532220870704
0 0.22021663717321696 0.30656257562655254 0.04799894358660846 0.1541698704133089
0 0.2780700474816425 0.3085699823406067 0.058155193586608436 0.15422895774732642
0 0.33822629748164246 0.30822000351604145 0.05363133482031053 0.16357668667008757
0 0.27268529788867957 0.13436486787922614 0.05350860389503396 0.15654543667008758
0 0.32807222727182855 0.12935466013189972 0.058277924511885 0.16126020774732647
0 0.39057222727182855 0.12899104576871498 0.058196103895034046 0.1565727077473264
0 0.40084902840691905 0.3148876391528567 0.05346769358660843 0.15420168667008757
0 0.45351037824476326 0.2880160669441497 0.054394993910920064 0.20732668667008758
0 0.4502239168012473 0.09973481694414972 0.05334496266133204 0.14717043667008758
0 0.5116387037328782 0.12672404294004463 0.05589326420345948 0.158902822208707
0 0.5185041327089901 0.2962325670423456 0.04795803327818291 0.1518261204133089
0 0.5748768636342667 0.30293656411547937 0.055934174511885 0.16124657220870695
0 0.6343336842511176 0.3072786304704539 0.05350860389503396 0.15654543667008758
0 0.688117203325841 0.2999337630822071 0.05057847280760157 0.1229380511314682
0 0.5687108640413038 0.12873599483363857 0.05823701420345948 0.1589164577473264
0 0.6250835949665803 0.13543999190677233 0.051123943586608434 0.15418805113146816
0 0.6825824492686514 0.11713489862082649 0.0607853157455871 0.17064884328594587
0 0.7181284370937867 0.051942732438802576 0.08625687418757337 0.10388546487760515
0 0.7966040389602258 0.11412755240801438 0.053590424511885004 0.1612329366700876
0 0.7441762885531887 0.2886690101553408 0.04799894358660843 0.1541698704133089
0 0.7981098120921392 0.289917892767094 0.051246674511885006 0.16121930113146812
0 0.8318061168773824 0.83274574220136 0.050919392044480816 0.14246930113146802
0 0.8223651128201924 0.6499696036376784 0.05350860389503396 0.15654543667008766
0 0.8903611363591427 0.651136673017715 0.058237014203459836 0.1589164577473264
0 0.9426367025117669 0.6469258959885478 0.053590424511885004 0.16123293667008767
0 0.8856578197994815 0.8293071248131131 0.05346769358660843 0.15420168667008766
0 0.9451146404163326 0.8336491911680877 0.051287584820310525 0.16356305113146802
0 0.9862331493480816 0.8294565948570798 0.02753370130383672 0.17054884933607006
0 0.9858835360166214 0.6489832996775399 0.02823292796675716 0.1135039637974506
0 0.8607598165563658 0.2981480284039093 0.050960302352906696 0.1448130511314682
0 0.917791066556366 0.29781623029750326 0.05354951420345948 0.15888918667008758
0 0.972396745939515 0.29281056772971664 0.05354951420345948 0.15888918667008758
0 0.8569784772718286 0.1262775735834491 0.04769893465815471 0.1369823704133089
0 0.9099261992686515 0.11581225137474209 0.05300404342445262 0.12763918667008758
0 0.9693284728076016 0.11702931772971663 0.053304052352906695 0.14482668667008758
0 0.04610698132901833 0.31382615066392994 0.05124667451188501 0.16121930113146812
0 0.03617109943080713 0.14746080727978822 0.055852353895034 0.156559072208707