0 0.07891721110196107 0.6864374866724997 0.05638055404758593 0.15212612133990877
0 0.09158538670084451 0.8536704400063634 0.059338457711059056 0.16387214334022682
0 0.1398989767057933 0.6730931493475448 0.053992538443753714 0.16615225867281785
0 0.15227722523545525 0.8496920120146356 0.05699470771105908 0.1638448713399087
0 0.20819635458866892 0.858931199355499 0.05662621551297518 0.15681362133990895
0 0.19906593679170154 0.684712449355499 0.05699470771105908 0.16384487133990877
0 0.2542890253263123 0.6806703866963624 0.061927869176448345 0.1685869153405452
0 0.2705735238559742 0.8573147026973167 0.05736319990914289 0.17087612133990895
0 0.3282631931232797 0.8556436620384982 0.061559376978364444 0.16155566534054522
0 0.31498086386092305 0.6766919587046346 0.058847134780280544 0.1544971433402269
0 0.372138266619885 0.664864668045816 0.05909279624566981 0.15918464334022708
0 0.3857481445027607 0.8500663713796797 0.05724036917644835 0.1685323713399086
0 0.44569967661493626 0.8468601027211793 0.061805038443753804 0.16624316534054523
0 0.43192602442180117 0.6585333993873157 0.053869707711059076 0.16380850867281788
0 0.487763266619885 0.666210086728179 0.05909279624566981 0.15918464334022692
0 0.5036383293738982 0.8350419027291336 0.053869707711059076 0.16380850867281788
0 0.5619830958822416 0.8458708620703149 0.058724304047585815 0.1521533933402271
0 0.5535963065339768 0.6560452934038604 0.062050699909142894 0.1709306653405452
0 0.6098463065339768 0.6566998214114964 0.06439444990914289 0.17095793734086334
0 0.6696340643358929 0.650368552752996 0.05999355495209713 0.1763721433402269
0 0.6189767243309441 0.8309185714114964 0.05909279624566981 0.15918464334022708
0 0.6793376922187685 0.835524802752996 0.058478642582196726 0.14746589334022708
0 0.7443861601065929 0.840185578095132 0.06353463478028054 0.15455168734086336
0 0.8060197009251958 0.8541759001034043 0.05687187697836436 0.16150112133990896
0 0.7877599445936176 0.6845355621021316 0.056749046245669635 0.15915737133990876
0 0.10157022331489132 0.15030963001272668 0.06119088478028055 0.15452441534054512
0 0.11683113240543137 0.3074226960136812 0.05662621551297518 0.15681362133990878
0 0.174766463138126 0.3104391553548626 0.05638055404758591 0.15212612133990877
0 0.15782022331489132 0.1509641580203627 0.058847134780280544 0.15449714334022696
0 0.22135045680654794 0.14155334269572592 0.06119088478028056 0.15452441534054512
0 0.23097551956056112 0.31031243336249864 0.05337838478028054 0.15443350867281785
0 0.2889108502932557 0.31332889270368014 0.06353463478028054 0.15455168734086336
0 0.34906710029325577 0.31402887404517976 0.05933845771105908 0.1638721433402269
0 0.27743668249628844 0.13908287070336195 0.058969965512975266 0.15684089334022694
0 0.33265977103089917 0.13504080804422525 0.06390312697836445 0.16158293734086332
0 0.39515977103089917 0.13576806138604303 0.06365746551297509 0.15689543734086325
0 0.4119355924913396 0.32178737738699753 0.058847134780280544 0.1544971433402269
0 0.46366851085413385 0.29584304272754264 0.06163129805469207 0.207622143340227
0 0.45380110866099876 0.10756179272754265 0.058478642582196726 0.14746589334022694
0 0.5161716338757694 0.135614614735815 0.06143654624566981 0.15921191534054513
0 0.5289626402073475 0.30519131806967864 0.05325555404758582 0.15208975867281788
0 0.5855811324054313 0.3128770960773146 0.061559376978364354 0.16155566534054513
0 0.6452017938708206 0.3182554867520415 0.058969965512975266 0.1568408933402269
0 0.6987395516727368 0.31185149275935936 0.054865641677685414 0.12321987133990878
0 0.573325714608464 0.13862198341022375 0.0637802962456698 0.15923918734086331
0 0.629944206806548 0.14630776141785976 0.05650338478028054 0.15446987133990878
0 0.6868150045225558 0.12901172075904122 0.0667381999091429 0.17098520934118144
0 0.7200126068519765 0.06225148209735916 0.090025213703953 0.108794292011454
0 0.8007546737898611 0.12799520810785867 0.059215626978364355 0.161528393340227
0 0.7544163415868285 0.30156852076699536 0.05337838478028054 0.15443350867281785
0 0.8084044787419582 0.3037582767743132 0.05687187697836436 0.16150112133990877
0 0.861079015149547 0.8470088374442677 0.055889231116807284 0.14275112133990858
0 0.8452482179993661 0.6641236121100859 0.058969965512975266 0.1568408933402269
0 0.9132988551544958 0.6664770001193127 0.06378029624566964 0.15923918734086334
0 0.9654378872666716 0.6631798247930851 0.059215626978364355 0.1615283933402269
0 0.9148214908392875 0.8445110934515855 0.058847134780280544 0.15449714334022707
0 0.9729723992245736 0.8498894841263123 0.05405520155085277 0.1638448713399087
0 0.9993404172311404 0.8465559461329939 0.001319165537719158 0.1707852146721816
0 0.9963352168129562 0.6660962867997666 0.007329566374087548 0.11372669267186346
0 0.8713548580951718 0.313079280116131 0.056012061849502005 0.14509487133990878
0 0.928386108095172 0.31374289879053974 0.05909279624566963 0.15918464334022692
0 0.9766407742534738 0.3096917454646303 0.046718451493052274 0.15918464334022692
0 0.8615660210308992 0.14119518944935833 0.0524776260738534 0.13724600867281792
0 0.9141587545225558 0.13165710478990342 0.05745505314307451 0.12793464334022694
0 0.9722188678764672 0.13391049546463032 0.05556226424706558 0.145122143340227
0 0.05708431818108013 0.31453521467218154 0.05687187697836445 0.16150112133990877
0 0.041332086159761555 0.14804714867122706 0.06131371551297519 0.15686816534054512