0 0.3613369963877091 0.9293694947216988 0.11506326196784729 0.07853983157389947
0 0.22719838573038276 0.9371802203719696 0.10474335780753477 0.07133130357072233
0 0.08579213573038273 0.9347119650969639 0.11513599715020839 0.08166483157389948
0 0.7911511297464591 0.9087583547025175 0.11489960780753491 0.07150858157389947
0 0.9235278718626745 0.9259067187438212 0.10474335780753492 0.07133130357072233
0 0.8459854065319453 0.9756740697010177 0.061610953647222286 0.04865186059796471
0 0.2655666354460423 0.7402739926931041 0.04844011284152785 0.13516593262955964
0 0.04856097340194506 0.7442954707790068 0.05196515634451402 0.1524079797074606
0 0.04267138326184078 0.5919108104705814 0.051910604957743176 0.15006422970746058
0 0.09336171428388938 0.5888909504864672 0.041354311454757056 0.13269945170428343
0 0.10275816413138952 0.7577364078727935 0.053854311454757074 0.1329176400158861
0 0.20953484099312564 0.7486671452908918 0.05156511284152787 0.1352204797074606
0 0.14737706705743103 0.5945193875802541 0.043698061454757034 0.13274036201270895
0 0.20517138326184076 0.5947472585214166 0.04889470773128488 0.15469718262955984
0 0.25736966289711855 0.589410922076253 0.04838556145475703 0.13282218262955983
0 0.3142736263279866 0.5849376562479405 0.05145601006798621 0.13053297970746058
0 0.3280848192416325 0.7421461842511177 0.054090700797430634 0.1430738900158861
0 0.38266321646809087 0.7384132581143795 0.045714503134132126 0.1187187723211343
0 0.3713230601235769 0.5867143904196279 0.051746950797430635 0.1430329797074606
0 0.4261560304882991 0.5939189642828897 0.04878560495774309 0.15000968262955983
0 0.4405848192416325 0.744109879055542 0.051746950797430816 0.1430329797074606
0 0.4926194447165978 0.7317422926103785 0.06139470773128473 0.15491537094116267
0 0.48053440596326435 0.5815922881461516 0.05385431145475703 0.1329176400158861
0 0.5383469059632644 0.5826014090873143 0.043588958681215394 0.12805286201270896
0 0.5496870623077784 0.7343002767820659 0.053854311454757206 0.1329176400158861
0 0.6043927461033686 0.7360361006453278 0.04800370174736131 0.11641593262955982
0 0.6004475156706602 0.6000849638758526 0.05118325313413195 0.11881422970746058
0 0.6516827073500352 0.5869224906612139 0.048494664228298845 0.13750968262956
0 0.6599705988769105 0.7416918112780648 0.04854921561506949 0.13985343262955982
0 0.7184370623077785 0.7372458189887027 0.05161966422829885 0.13756422970746057
0 0.7728699891695145 0.7272628928519645 0.04811280452090294 0.12110343262955983
0 0.8246325109210076 0.7367566696373258 0.051074150360590306 0.11412672970746059
0 0.7607122152338199 0.5739878883877376 0.04493259992375016 0.08512502232113431
0 0.709349736985313 0.5816816116023764 0.05414525218420145 0.1454176400158861
0 0.8165264573500352 0.5897998490204748 0.05196515634451408 0.1524079797074606
0 0.8750656559632644 0.5884788567311124 0.053963414228298846 0.1376051400158861
0 0.8856245623077783 0.7401640876563891 0.053854311454757206 0.1329176400158861
0 0.9811836336188631 0.7404152779965866 0.03763273276227395 0.1501051400158861
0 0.97833430347566 0.591155617688161 0.043331393048680056 0.13994889001588612
0 0.9280451855985422 0.5831561570554241 0.047767312404687345 0.10625968262956001
0 0.7860174204965628 0.38622483562779414 0.11484505642076392 0.06916483157389966
0 0.914814567723021 0.3837874025911972 0.10212685087368065 0.05957164326229689
0 0.9065974517473612 0.13140274228277166 0.05145601006798621 0.13053297970746053
0 0.8615966891139237 0.27821351257531113 0.051746950797430455 0.1430329797074606
0 0.9208807701359725 0.2753436570554241 0.04854921561506949 0.13985343262955982
0 0.9700813363403821 0.2754215235323597 0.04638730357097245 0.1476250223211343
0 0.960358231382639 0.1260936793765584 0.053854311454757206 0.13291764001588607
0 0.7956599517473611 0.12946632101729755 0.04576905452090294 0.12106252232113435
0 0.8051284835668404 0.2678566651730989 0.053854311454757206 0.1329176400158861
0 0.7497688363403822 0.2715759545403619 0.05385431145475703 0.1329176400158861
0 0.7434253045209028 0.13324015746246115 0.05134690729444458 0.12584547970746054
0 0.692716789703264 0.1354787674465751 0.04582360590767376 0.12340627232113435
0 0.6952813580918752 0.2792151306770999 0.04844011284152785 0.13516593262955984
0 0.6399762622521876 0.28527817004436284 0.04854921561506949 0.13985343262955982
0 0.637248039703264 0.13451055681383803 0.051510561454757034 0.13287672970746053
0 0.5864512187492016 0.26716336972005134 0.048331010067986215 0.13047843262955983
0 0.528148409478646 0.2786406120094136 0.05156511284152785 0.1352204797074606
0 0.5785451869297222 0.1288002991032003 0.048167355907673584 0.12344718262955987
0 0.030655813638958564 0.2769852398537303 0.051237804520902874 0.12115797970746059
0 0.02589296561506956 0.13945796631477994 0.04878560495774318 0.15000968262955988
0 0.08374183320625013 0.14202958725594253 0.048058253134132034 0.11875968262955987
0 0.08681489466100717 0.2740608372559425 0.04838556145475705 0.13282218262955983
0 0.14330128400368078 0.2851989346581547 0.05174695079743068 0.1430329797074606
0 0.20278538677722246 0.29092282913826767 0.04862195079743063 0.14297843262955984
0 0.2581632177992711 0.2879847897710047 0.05401796561506957 0.13994889001588612
0 0.310306946047778 0.2803047033258411 0.048494664228298665 0.13750968262955982
0 0.36337739466100716 0.2788882536501527 0.05419980357097236 0.147761390015886
0 0.419554659478646 0.2767451010523649 0.051910604957743134 0.15006422970746058
0 0.13988273043270844 0.13832393465815473 0.046150914228298714 0.13746877232113436
0 0.1946793332062501 0.14396600852141667 0.048494664228298755 0.13750968262955987
0 0.2482582748856251 0.1308444456152034 0.046150914228298756 0.13746877232113436
0 0.3035451869297223 0.12400015624794045 0.051746950797430635 0.14303297970746054
0 0.35837815729444455 0.13120473011120234 0.045987260067986216 0.13043752232113434
0 0.4114122383164931 0.12822578043551391 0.045478113791458386 0.10856252232113435
0 0.4653184883164931 0.12916671752930062 0.053963414228298846 0.13760514001588603
0 0.5168082531341321 0.12694174431466185 0.05191060495774309 0.15006422970746053