0 0.3720908980775358 0.9293694947216988 0.11595487141421197 0.07853983157389947
0 0.23807056214268635 0.9371802203719696 0.10555308475372308 0.07133130357072233
0 0.09666431214268636 0.9347119650969639 0.11606399881887364 0.08166483157389948
0 0.8015775014355804 0.9087583547025175 0.11570933475372307 0.07150858157389947
0 0.9341271066077235 0.9259067187438212 0.10555308475372308 0.07133130357072233
0 0.8572669954451306 0.9756740697010177 0.06233879809323426 0.04865186059796471
0 0.2741370037978331 0.7402739926931041 0.05000497840045357 0.13516593262955964
0 0.05722232230948737 0.7442954707790068 0.053730179126093014 0.1524079797074606
0 0.04955861133222893 0.5919108104705814 0.053648333572596726 0.15006422970746058
0 0.10020345207640177 0.5888909504864672 0.042891882846957316 0.13269945170428343
0 0.11156508192813422 0.7577364078727935 0.05539188284695733 0.1329176400158861
0 0.21821438601181825 0.7486671452908918 0.05312997840045357 0.1352204797074606
0 0.15427339318339434 0.5945193875802541 0.04523563284695733 0.13274036201270895
0 0.21205861133222892 0.5947472585214166 0.05068702467958932 0.15469718262955984
0 0.26418410652290547 0.589410922076253 0.04992313284695733 0.13282218262955983
0 0.3210243835647475 0.5849376562479405 0.052966287293461 0.13053297970746058
0 0.33666428564899853 0.7421461842511177 0.055746546912107856 0.1430738900158861
0 0.391188094542006 0.7384132581143795 0.04708830952597953 0.1187187723211343
0 0.378082915415913 0.5867143904196279 0.05340279691210785 0.1430329797074606
0 0.4329886702252363 0.5939189642828897 0.05052333357259684 0.15000968262955983
0 0.4491642856489985 0.744109879055542 0.05340279691210785 0.1430329797074606
0 0.5010442441791862 0.7317422926103785 0.06318702467958914 0.15491537094116267
0 0.48721237875542406 0.5815922881461516 0.05539188284695733 0.1329176400158861
0 0.545024878755424 0.5826014090873143 0.04507194173996467 0.12805286201270896
0 0.558130057881517 0.7343002767820659 0.05539188284695733 0.1329176400158861
0 0.6128448397326826 0.7360361006453278 0.04935021397248338 0.11641593262955982
0 0.6073165476298981 0.6000849638758526 0.05255705952597971 0.11881422970746058
0 0.6583879743089204 0.5869224906612139 0.05008682395394999 0.13750968262956
0 0.6684772808396751 0.7416918112780648 0.05016866950744614 0.13985343262955982
0 0.7268800578815171 0.7372458189887027 0.05321182395394999 0.13756422970746057
0 0.7811856119652012 0.7272628928519645 0.04951390507947586 0.12110343262955983
0 0.833048212328021 0.7367566696373258 0.05239336841898705 0.11412672970746059
0 0.7672446191367772 0.5739878883877376 0.045915189925866254 0.08512502232113431
0 0.715982219499597 0.5816816116023764 0.055828392465604185 0.1454176400158861
0 0.8232317243089204 0.5897998490204748 0.05373017912609299 0.1524079797074606
0 0.8817436287554241 0.5884788567311124 0.055555573953949985 0.1376051400158861
0 0.894067557881517 0.7401640876563891 0.05539188284695733 0.1329176400158861
0 0.9849616011964439 0.7404152779965866 0.030076797607112127 0.1501051400158861
0 0.9812729754264332 0.591155617688161 0.037454049147133614 0.13994889001588612
0 0.9346503739461006 0.5831561570554241 0.04899554990733286 0.10625968262956001
0 0.790357193005909 0.38622483562779414 0.11562748920022692 0.06916483157389966
0 0.9190997518989166 0.3837874025911972 0.1028001069862416 0.05957164326229689
0 0.9079439639724832 0.13140274228277166 0.052966287293460826 0.13053297970746053
0 0.8646627338427493 0.27821351257531113 0.053402796912107676 0.1430329797074606
0 0.923901324586922 0.2753436570554241 0.05016866950744614 0.13985343262955982
0 0.9730927927357567 0.2754215235323597 0.04809773801910033 0.1476250223211343
0 0.9616319591631599 0.1260936793765584 0.05539188284695733 0.13291764001588607
0 0.7970064639724834 0.12946632101729755 0.04717015507947586 0.12106252232113435
0 0.8080853516287642 0.2678566651730989 0.05539188284695733 0.1329176400158861
0 0.7527802927357566 0.2715759545403619 0.05539188284695733 0.1329176400158861
0 0.7448264050794758 0.13324015746246115 0.05280259618646852 0.12584547970746054
0 0.6941542824841376 0.1354787674465751 0.04725200063297219 0.12340627232113435
0 0.6983928930985763 0.2792151306770999 0.05000497840045348 0.13516593262955984
0 0.6431696797590651 0.28527817004436284 0.05016866950744614 0.13985343262955982
0 0.6386855324841376 0.13451055681383803 0.05304813284695733 0.13287672970746053
0 0.5894444790334258 0.26716336972005134 0.049841287293461004 0.13047843262955983
0 0.5312872386520727 0.2786406120094136 0.053129978400453484 0.1352204797074606
0 0.579928091377145 0.1288002991032003 0.04959575063297219 0.12344718262955987
0 0.03387652531256148 0.2769852398537303 0.0526389050794759 0.12115797970746059
0 0.02751241950744617 0.13945796631477994 0.05052333357259673 0.15000968262955988
0 0.08537948320977702 0.14202958725594253 0.04943205952597962 0.11875968262955987
0 0.08999011605673433 0.2740608372559425 0.049923132846957305 0.13282218262955983
0 0.1465947801218849 0.2851989346581547 0.05340279691210785 0.1430329797074606
0 0.2061334712288775 0.29092282913826767 0.050277796912107875 0.14297843262955984
0 0.2614658119730503 0.2879847897710047 0.05563741950744614 0.13994889001588612
0 0.31350946161023063 0.2803047033258411 0.0500868239539499 0.13750968262955982
0 0.36655261605673434 0.2788882536501527 0.055910238019100514 0.147761390015886
0 0.4226934886520727 0.2767451010523649 0.053648333572596796 0.15006422970746058
0 0.14146579210278448 0.13832393465815473 0.0477430739539499 0.13746877232113436
0 0.19631698320977703 0.14396600852141667 0.05008682395394985 0.13750968262955987
0 0.24973215988879932 0.1308444456152034 0.0477430739539499 0.13746877232113436
0 0.30492809137714505 0.12400015624794045 0.05340279691210785 0.14303297970746054
0 0.3598338461864684 0.13120473011120234 0.047497537293461 0.13043752232113434
0 0.41282243693064136 0.12822578043551391 0.04673364546082901 0.10856252232113435
0 0.46672868693064123 0.12916671752930062 0.055555573953949985 0.13760514001588603
0 0.5181820595259796 0.12694174431466185 0.053648333572596664 0.15006422970746053