0 0.10297632764096025 0.7636994065176624 0.0887799515966055 0.16610224385167988
0 0.26833336668999563 0.9497737827847038 0.14970818133065045 0.07038574375348397
0 0.4232118676785788 0.9553612283335859 0.1569304323192336 0.07511415036934252
0 0.4241430149031097 0.8632009994108248 0.1279286818249421 0.0726022287263696
0 0.2655492649031097 0.8622783279642438 0.15702593281352523 0.07745790036934252
0 0.23672924513144622 0.7683828822189698 0.15917868182494202 0.07278403590796181
0 0.41088432813525183 0.7678339572563471 0.1569304323192336 0.07511415036934235
0 0.40478422535978276 0.6756328217177276 0.14765093281352523 0.07740335821486469
0 0.6142679491995097 0.9474790236849685 0.06914127224312132 0.10504195263006295
0 0.6894125292375657 0.9307106862773041 0.06829369665368965 0.13857862744539168
0 0.6087488251695022 0.7549259328594585 0.06594994665368965 0.14253747882456516
0 0.6013342787060931 0.5346225232185382 0.06915320110231385 0.1636448643631848
0 0.41443645657670236 0.5866475897699044 0.14530718281352523 0.07738972267624522
0 0.2388462075652856 0.5903124243734474 0.15959251730020557 0.0829402859079618
0 0.23662052129171932 0.49735276473252704 0.14777826680591397 0.08052835821486468
0 0.41099843878220527 0.5022725897699044 0.15449118182494206 0.07275676483072288
0 0.3833416709877081 0.4177566892041703 0.1396474318249421 0.07267040641946654
0 0.23793367049341657 0.4145675358097659 0.14218218281352515 0.077371541958086
0 0.22317615072175306 0.3207539032962086 0.134959931824942 0.07264313534222762
0 0.3817699007217531 0.32167657474278977 0.15978351828878878 0.0876277859079618
0 0.3933029669196447 0.24051293315404615 0.12089743182494192 0.07256132211051121
0 0.21976996642535312 0.2371601532962086 0.12108843281352522 0.07724882211051118
0 0.5943799886684745 0.344783318398078 0.07149695110231384 0.1636584999018041
0 0.872680107718385 0.12067469446872765 0.10858843281352507 0.07717609923787419
0 0.7745357208739774 0.26147643558993305 0.13261618182494211 0.07262949980360833
0 0.9183812213682689 0.26465649862525786 0.13046343281352507 0.07730336426498888
0 0.776937820683697 0.33959689041039326 0.14989918231923358 0.07507324375348405
0 0.7782867564629716 0.43020825487177383 0.13983843281352507 0.07735790641946654
0 0.930435893421657 0.4209655859592754 0.13912821315668608 0.08755960821486468
0 0.9315205499234503 0.5170184293434172 0.13695890015309936 0.07734427088084708
0 0.788787857755566 0.5154054114876321 0.13936093034206715 0.06563915641946654
0 0.8168120400747995 0.589769607232906 0.1327116823192335 0.07497324980360834
0 0.9440294965678447 0.6014706973955939 0.11194100686431056 0.07256132211051103
0 0.9404273177179474 0.6811763781137532 0.1191453645641051 0.06803290339440445
0 0.8043213103407547 0.6857679084625701 0.14796926779449712 0.08521585821486469
0 0.804203246614321 0.778713932564871 0.1208974318249421 0.07256132211051103
0 0.939064765350925 0.7819167214978948 0.12187046929815004 0.07740335821486469
0 0.9459971916150867 0.8717968329342133 0.10800561676982667 0.07501415641946671
0 0.8164260153974012 0.8678264295398088 0.14218218281352507 0.077371541958086
0 0.8084317846747732 0.9591645018467118 0.14765093281352507 0.07740335821486469
0 0.9480627221282969 0.9600735377546735 0.1038745557434062 0.06796927088084707