0 0.071875 0.76328125 0.08203125 0.165625
0 0.2296875 0.9484375 0.146875 0.06953125
0 0.384375 0.953125 0.15390625 0.07421875
0 0.3890625 0.8609375 0.125 0.071875
0 0.23046875 0.8609375 0.15390625 0.0765625
0 0.20546875 0.7671875 0.15625 0.071875
0 0.3796875 0.765625 0.15390625 0.07421875
0 0.37734375 0.6734375 0.14453125 0.0765625
0 0.57578125 0.94453125 0.06484375 0.10546875
0 0.6515625 0.92890625 0.0625 0.1421875
0 0.578125 0.7515625 0.06015625 0.1421875
0 0.5796875 0.53125 0.0625 0.16328125
0 0.390625 0.584375 0.1421875 0.0765625
0 0.21484375 0.5890625 0.15625 0.08203125
0 0.21640625 0.49609375 0.14453125 0.0796875
0 0.390625 0.5 0.1515625 0.071875
0 0.36640625 0.415625 0.13671875 0.071875
0 0.22109375 0.41328125 0.1390625 0.0765625
0 0.21015625 0.31953125 0.13203125 0.071875
0 0.36875 0.31953125 0.15625 0.08671875
0 0.38359375 0.23828125 0.11796875 0.071875
0 0.21015625 0.2359375 0.11796875 0.0765625
0 0.58046875 0.34140625 0.06484375 0.16328125
0 0.86796875 0.115625 0.10546875 0.0765625
0 0.7640625 0.25703125 0.1296875 0.071875
0 0.9078125 0.259375 0.12734375 0.0765625
0 0.76328125 0.33515625 0.146875 0.07421875
0 0.7609375 0.42578125 0.13671875 0.0765625
0 0.91796875 0.415625 0.14453125 0.08671875
0 0.9109375 0.51171875 0.134375 0.0765625
0 0.76796875 0.5109375 0.13671875 0.06484375
0 0.79296875 0.58515625 0.1296875 0.07421875
0 0.92421875 0.59609375 0.11796875 0.071875
0 0.92734375 0.67578125 0.1453125 0.0671875
0 0.7765625 0.68125 0.14453125 0.084375
0 0.77265625 0.77421875 0.11796875 0.071875
0 0.9203125 0.7765625 0.14453125 0.0765625
0 0.9265625 0.86640625 0.13671875 0.07421875
0 0.78125 0.86328125 0.1390625 0.0765625
0 0.76953125 0.9546875 0.14453125 0.0765625
0 0.92578125 0.9546875 0.134375 0.0671875