0 0.5765625 0.96015625 0.0671875 0.0796875
0 0.57578125 0.796875 0.06953125 0.165625
0 0.57421875 0.57578125 0.071875 0.17578125
0 0.3765625 0.9578125 0.1515625 0.084375
0 0.21640625 0.94921875 0.14921875 0.08203125
0 0.21640625 0.865625 0.1390625 0.0765625
0 0.36875 0.8609375 0.1421875 0.08203125
0 0.3734375 0.77734375 0.1421875 0.06953125
0 0.2234375 0.7796875 0.14453125 0.07421875
0 0.2171875 0.6875 0.146875 0.071875
0 0.375 0.68046875 0.14921875 0.0765625
0 0.375 0.5875 0.14453125 0.06953125
0 0.2140625 0.5984375 0.15390625 0.071875
0 0.22265625 0.5109375 0.1421875 0.0796875
0 0.38671875 0.50390625 0.1296875 0.06953125
0 0.23046875 0.4203125 0.14453125 0.071875
0 0.37890625 0.334375 0.1421875 0.071875
0 0.56953125 0.32109375 0.071875 0.18046875
0 0.22109375 0.3390625 0.1296875 0.0765625
0 0.22578125 0.25 0.1390625 0.08203125
0 0.37109375 0.2515625 0.11796875 0.07421875
0 0.57421875 0.12265625 0.071875 0.1734375
0 0.38828125 0.1734375 0.146875 0.0765625
0 0.2359375 0.16796875 0.134375 0.0765625
0 0.22734375 0.084375 0.13671875 0.0671875
0 0.37890625 0.0875 0.13671875 0.06953125
0 0.3890625 0.01953125 0.1296875 0.03828125
0 0.2296875 0.01796875 0.1421875 0.0359375
0 0.02421875 0.07109375 0.0484375 0.07421875
0 0.7640625 0.96875 0.14453125 0.0625
0 0.92421875 0.9640625 0.13203125 0.071875
0 0.9171875 0.8765625 0.1421875 0.06484375
0 0.7703125 0.87109375 0.13671875 0.07421875
0 0.76171875 0.7859375 0.1390625 0.0765625
0 0.91328125 0.790625 0.14921875 0.071875
0 0.91328125 0.70078125 0.1390625 0.06953125
0 0.75625 0.615625 0.1421875 0.08203125
0 0.9234375 0.615625 0.1296875 0.071875
0 0.92421875 0.5296875 0.146875 0.0796875
0 0.76953125 0.53359375 0.15390625 0.0765625
0 0.77890625 0.44140625 0.1390625 0.084375
0 0.93125 0.44375 0.13671875 0.07421875
0 0.928125 0.35546875 0.1390625 0.071875
0 0.7828125 0.353125 0.1421875 0.0765625
0 0.771875 0.26953125 0.1109375 0.0671875
0 0.9234375 0.271875 0.14921875 0.0765625
0 0.92421875 0.1859375 0.1515625 0.06953125
0 0.76796875 0.1859375 0.13671875 0.0796875
0 0.76328125 0.09765625 0.146875 0.07421875
0 0.92421875 0.1 0.13671875 0.07421875
0 0.775 0.02265625 0.1421875 0.0453125
0 0.9234375 0.0265625 0.14921875 0.053125