0 0.5877349294636758 0.9568019074996211 0.06811474801081766 0.08007838544042371
0 0.5850537301081769 0.7935252026791609 0.07145847135581711 0.166029520979043
0 0.5809185714114964 0.5724405430382404 0.0739204000238626 0.17619940651766228
0 0.38770765746335767 0.9556217234618121 0.152544292011454 0.08525676483072289
0 0.2274514101288577 0.947959735267473 0.15017327001113587 0.08289937929210325
0 0.22647870878417642 0.864365985267473 0.13995338534372675 0.077371541958086
0 0.3787679147835401 0.8587921752572104 0.14314202001113588 0.08285847267624505
0 0.38248271343885876 0.7751711541799714 0.14299656934277225 0.07035847267624522
0 0.23250998543917695 0.7783875786516147 0.14539486334340862 0.07505960821486468
0 0.2251872867599957 0.686236440087933 0.14771134134309047 0.07272949375348396
0 0.3829179707590412 0.6782870638208918 0.15010963534372673 0.0774306292921036
0 0.38183618141308723 0.5853183138208917 0.14534031934277233 0.07037210821486468
0 0.22102595074790538 0.5971921208060924 0.15474259134309049 0.07277040036934235
0 0.22860154606936045 0.5096421238311545 0.14311474801081764 0.08051472267624522
0 0.3925822300684059 0.5016563861277946 0.13049656934277234 0.07028574980360816
0 0.23535952872372462 0.41897167203575636 0.14536759134309046 0.07271585821486468
0 0.3827970553787252 0.3321705879231927 0.14302384134309049 0.07270222267624522
0 0.5732675140435889 0.31778031411547936 0.07397494402449886 0.18088690651766245
0 0.22503909937936148 0.3377762141902341 0.13057838534372676 0.07731699980360833
0 0.22869026336727116 0.24868644311299523 0.14001702001113586 0.082840291958086
0 0.37402094470081665 0.2494035397185908 0.1188323633434086 0.07490507211051112
0 0.5756459846833174 0.1193155430382405 0.07389312802354446 0.1738556565176624
0 0.39029937802354436 0.171178545768715 0.14776588534372675 0.07741699375348406
0 0.23789199335613534 0.1665961057789777 0.13526588534372677 0.07734427088084717
0 0.228325542011454 0.08305235275391562 0.13750054734245412 0.06798290641946654
0 0.37992440467854494 0.08529558792319271 0.13752781934277233 0.07032665641946656
0 0.389289766669318 0.01839281274548966 0.13013294267186346 0.03678562549097932
0 0.22989658533577262 0.0175074142767094 0.14260567067154523 0.0350148285534188
0 0.025046000676317737 0.07095284943426591 0.04930111334340863 0.07450055113146817
0 0.7753349267981757 0.964304814410067 0.14525850334181775 0.06334085821486468
0 0.9345014185629971 0.9586855526044061 0.1309971628740058 0.0726431353422278
0 0.9273872281189945 0.8712264592202643 0.1429420253421359 0.06567097267624504
0 0.7804485934515855 0.8666122029737483 0.1375823633434088 0.07501415641946636
0 0.7708639607733587 0.7815059499486864 0.13995338534372675 0.077371541958086
0 0.9224810047739951 0.7853116851179635 0.15005509134309064 0.07274312929210343
0 0.9214355780951319 0.6954679351179635 0.1398715693427725 0.070340291958086
0 0.7634134454169053 0.611225266205465 0.1431420200111358 0.08285847267624522
0 0.9306009454169054 0.6102525977839459 0.13052384134309064 0.07262949980360833
0 0.9282405490332485 0.5243105526044062 0.14351890193350308 0.08054199375348396
0 0.7757401754057693 0.5291167481532882 0.15479713534372674 0.07745790036934234
0 0.7840424767265881 0.4368747059988106 0.1400442920114539 0.085184041958086
0 0.933811158527601 0.43833214598854786 0.13237768294479793 0.07501415641946654
0 0.9311559163550218 0.35006907670670706 0.13768816728995645 0.072684041958086
0 0.7869214813812705 0.3485707301011115 0.14307838534372674 0.07738972267624522
0 0.7750112800365893 0.2650406126146688 0.11171929734245403 0.06783291549465283
0 0.9257731171825221 0.2665025977839459 0.1484537656349559 0.07743062929210351
0 0.925098272010261 0.18056055260440612 0.14980345597947817 0.07041301483072293
0 0.770132328691908 0.18146958851236789 0.13764599801081764 0.08048290641946654
0 0.7644175833465903 0.09321560958960674 0.14773861334340843 0.07507324375348408
0 0.9253823553469086 0.09462305260440612 0.1375823633434088 0.07501415641946656
0 0.7752636293364089 0.020608646617316106 0.14271475867281785 0.04121729323463221
0 0.9237465826702724 0.024093331214998837 0.14983691534054486 0.048186662429997675