0 0.10754704169936506 0.25995678298109554 0.09053538644737329 0.21220962939029936
0 0.20364915188677948 0.23395788524403183 0.08258649412750527 0.2074766775949013
0 0.30552990063313823 0.24548625858420697 0.07823997492717538 0.21916815651766247
0 0.4027004173261857 0.2562061108471433 0.09984219028743926 0.20992042154477702
0 0.5026322211662517 0.2544441438282388 0.08825983260730723 0.21453974385167998
0 0.594910649379497 0.25810547501393627 0.09080817108710945 0.22158462939029935
0 0.6857940621533362 0.2406685110200939 0.07435044530200426 0.166029520979043
0 0.7847998634861197 0.2607724536421098 0.09073997492717538 0.21924087939029935
0 0.8680753647397609 0.2503212878528694 0.082586494127505 0.2074766775949012
0 0.9621850857580372 0.25558602565442506 0.07562982848392572 0.2215573583130605
0 0.07214938011266013 0.7346704366700877 0.08292747492717537 0.2191954275949012
0 0.1684333467265653 0.7149215389330239 0.0906717787672413 0.21689712939029918
0 0.26413229163285806 0.7287573008368806 0.07823997492717538 0.21916815651766228
0 0.35314932752623535 0.7277129513044188 0.08272288644737333 0.2121641775949014
0 0.45009252368616937 0.7306203035673551 0.08571149412750537 0.20749485831306042
0 0.5460498813663014 0.7264918606507516 0.08571149412750519 0.20749485831306042
0 0.6388822390464333 0.7223452370159889 0.08707776583511766 0.17391474385167988
0 0.7338681301126602 0.7385202037403056 0.08605247492717538 0.2192136083130606
0 0.8384466668639673 0.574312778875879 0.17623354255729495 0.09710277985783762