0 0.08640673224846118 0.2605386053469085 0.09547070952008138 0.212700542011454
0 0.18467381388566698 0.23510334802672603 0.08741254805469212 0.20792213534372683
0 0.2856631037997587 0.24722263470717992 0.08333920171816525 0.21958634134309046
0 0.38200583729141535 0.2585061273869975 0.1047228787873868 0.21046588001272673
0 0.48212866802411 0.25732598273390594 0.09324979025277606 0.2150170200111358
0 0.5741523937138504 0.26152368141308724 0.09596203245085988 0.22207554201145402
0 0.6665003459978426 0.24461853942549575 0.0782112884437538 0.16643406934277233
0 0.7639142565587207 0.26529521343885876 0.09583920171816515 0.219731792011454
0 0.8480812166446288 0.25533041478354007 0.08741254805469226 0.20792213534372675
0 0.9470543051792397 0.2611724294636758 0.09127453245085988 0.22202099801081765
0 0.028153818974049626 0.7349658933402269 0.05630763794809925 0.21964088534372692
0 0.1102338201057034 0.7157806360200445 0.09571637098547066 0.2173880420114541
0 0.20485027928710053 0.7301709473663167 0.0833392017181653 0.21958634134309046
0 0.29399466644223027 0.729644783378407 0.08765820952008134 0.21260963534372693
0 0.39074683570953567 0.7331157760582245 0.09053754805469208 0.20795849801081764
0 0.4870862471749248 0.7295464280712695 0.09053754805469225 0.20795849801081764
0 0.5803006586403141 0.7259407174172234 0.0911207242194024 0.17439202001113596
0 0.6740130370890165 0.7426656880967227 0.09115170171816515 0.21967724801081764
0 0.7920271319552054 0.5790946314449039 0.17847356004047973 0.09811187802354446