0 0.04921875 0.8640625 0.06953125 0.271875
0 0.1890625 0.85234375 0.06953125 0.28125
0 0.2640625 0.85 0.0625 0.2953125
0 0.34375 0.85234375 0.0671875 0.290625
0 0.48828125 0.84765625 0.0625 0.2859375
0 0.55859375 0.84140625 0.05546875 0.25
0 0.63359375 0.8578125 0.05546875 0.240625
0 0.71015625 0.8453125 0.06484375 0.30078125
0 0.78515625 0.865625 0.06015625 0.2546875
0 0.85546875 0.8640625 0.0625 0.2671875
0 0.93515625 0.85703125 0.071875 0.25234375
0 0.96484375 0.2046875 0.05546875 0.240625
0 0.896875 0.22578125 0.0625 0.27890625
0 0.8234375 0.22265625 0.06015625 0.2765625
0 0.7546875 0.228125 0.0578125 0.29296875
0 0.68515625 0.2359375 0.0578125 0.28359375
0 0.60703125 0.22265625 0.06484375 0.271875
0 0.52734375 0.22578125 0.06484375 0.303125
0 0.44921875 0.24296875 0.0578125 0.240625
0 0.38359375 0.22734375 0.05546875 0.290625
0 0.31015625 0.23046875 0.0671875 0.29296875
0 0.22734375 0.23671875 0.06484375 0.290625
0 0.14921875 0.20703125 0.0625 0.259375
0 0.08203125 0.228125 0.0578125 0.2640625