0 0.1703125 0.371875 0.16171875 0.10390625
0 0.43359375 0.3296875 0.1421875 0.09921875
0 0.66484375 0.35 0.15234375 0.10703125
0 0.52109375 0.5421875 0.1453125 0.09609375
0 0.228125 0.5578125 0.153125 0.11171875
0 0.07890625 0.72890625 0.15078125 0.11796875
0 0.29765625 0.73125 0.1515625 0.10390625
0 0.51015625 0.73046875 0.16328125 0.12421875
0 0.7453125 0.73515625 0.159375 0.12109375
0 0.94921875 0.55546875 0.1015625 0.09453125
0 0.921875 0.384375 0.15625 0.11875
0 0.83125 0.1640625 0.14296875 0.10078125
0 0.584375 0.14296875 0.15703125 0.12734375
0 0.35234375 0.13515625 0.15 0.11484375
0 0.0859375 0.11953125 0.171875 0.13359375
0 0.25390625 0.903125 0.16796875 0.11796875
0 0.475 0.89921875 0.14609375 0.10859375
0 0.7515625 0.56171875 0.1421875 0.10390625
0 0.946875 0.55234375 0.10625 0.09921875
0 0.9421875 0.74140625 0.115625 0.121875
0 0.91796875 0.91171875 0.1453125 0.11640625
0 0.70390625 0.8984375 0.13671875 0.134375
0 0.05 0.546875 0.1 0.1