0 0.043116395368578156 0.33203125 0.08623279073715631 0.240625
0 0.1434930190255346 0.32421875 0.09770771567298446 0.2359375
0 0.24163942059711116 0.33046875 0.10671884263745515 0.228125
0 0.3317186110438172 0.3421875 0.08874793858467926 0.19453125
0 0.87598234139911 0.2640625 0.14232885690547903 0.22109375
0 0.021348854892040765 0.79453125 0.04269770978408153 0.21875
0 0.09473426385824808 0.80078125 0.09167388544152613 0.20703125
0 0.19191747891205999 0.8109375 0.09812293858467927 0.19453125
0 0.2932809257689069 0.7984375 0.10313792431665565 0.2015625
0 0.3881567781262717 0.8078125 0.10573638544152608 0.20703125
0 0.5974247702683889 0.7765625 0.09553944003242129 0.1390625
0 0.8877522096816376 0.88359375 0.11821926881613756 0.2234375