0 0.39921875 0.7984375 0.1921875 0.09609375
0 0.34609375 0.6671875 0.1875 0.0984375
0 0.1046875 0.66796875 0.18984375 0.10078125
0 0.9015625 0.95625 0.125 0.0875
0 0.97578125 0.696875 0.0484375 0.21640625
0 0.89453125 0.0328125 0.20703125 0.06484375
0 0.37734375 0.0328125 0.1921875 0.06484375
0 0.803125 0.22109375 0.15859375 0.2015625
0 0.646875 0.25625 0.09140625 0.2046875
0 0.53359375 0.25859375 0.08671875 0.2140625
0 0.4359375 0.2671875 0.09375 0.196875
0 0.33515625 0.25859375 0.0890625 0.18515625
0 0.2515625 0.3015625 0.0796875 0.18984375
0 0.15625 0.3109375 0.09140625 0.18984375
0 0.134375 0.02265625 0.16796875 0.0453125