0 0.78125 0.9671875 0.09140625 0.06484375
0 0.7953125 0.48203125 0.08203125 0.19453125
0 0.89453125 0.09375 0.09609375 0.1875
0 0.69140625 0.1140625 0.09375 0.228125
0 0.3171875 0.93359375 0.1921875 0.0984375
0 0.22734375 0.75859375 0.0796875 0.19921875
0 0.36640625 0.515625 0.17578125 0.09375
0 0.25859375 0.4015625 0.11328125 0.1875
0 0.15625 0.46015625 0.071875 0.21875
0 0.20546875 0.2234375 0.07421875 0.23046875
0 0.12265625 0.20703125 0.071875 0.22109375
0 0.03828125 0.2015625 0.071875 0.20703125
0 0.1 0.03125 0.1609375 0.0625
0 0.28125 0.021875 0.16796875 0.04296875