0 0.466578911126705 0.2203125 0.0734728787873868 0.209375
0 0.5563374519453079 0.20703125 0.07828320952008135 0.21171875
0 0.6055263879480993 0.625 0.07618512098547078 0.21640625
0 0.5330970307574385 0.90390625 0.07960337008095948 0.1921875
0 0.1673967876548435 0.93515625 0.13916539857509047 0.09140625
0 0.06254991463320794 0.77421875 0.06890820952008139 0.21171875
0 0.017200830224668222 0.77734375 0.034401660449336444 0.2140625
0 0.19162101820582406 0.5921875 0.14187764077317438 0.0984375
0 0.19204814337516618 0.4796875 0.14812431874690696 0.11328125
0 0.09301417910538641 0.38671875 0.10147837008095947 0.1921875
0 0.06165488523355096 0.5796875 0.12330977046710193 0.09609375
0 0.07281894504790291 0.17578125 0.07359570952008139 0.21171875
0 0.021274404257185436 0.165625 0.04254880851437087 0.22578125
0 0.37179975689740496 0.03125 0.05405673620519007 0.0625