0 0.489671088873295 0.2258759880649061 0.0734728787873868 0.21010225334181776
0 0.5780375480546921 0.2136310740769965 0.07828320952008135 0.2125005473424541
0 0.6710361120519007 0.6324270747533142 0.07618512098547078 0.2171607753421359
0 0.6278404692425614 0.9070811653703732 0.07960337008095948 0.1858376692592536
0 0.2654157123451565 0.9376743646960441 0.13916539857509047 0.09296984468490806
0 0.14370008536679207 0.7754187180139993 0.06890820952008134 0.21239145934118148
0 0.07902010967705156 0.7777891926718634 0.07371854025277602 0.21478975334181777
0 0.25369148179417594 0.5947783400302258 0.14187764077317438 0.10002836668522655
0 0.24232685662483383 0.4822147053628168 0.14812431874690707 0.11493575135263541
0 0.1335483208946136 0.3880368966820448 0.10147837008095947 0.1932511080124085
0 0.11319263455313795 0.5806511106779085 0.14175481004047974 0.09768461668522654
0 0.09124355495209709 0.17673577001113586 0.07359570952008139 0.2124460033418178
0 0.031336288443753704 0.16588862933640897 0.05714519391624915 0.2263085086728179
0 0.37507524310259505 0.0355953387173613 0.05405673620519007 0.06309089334022695