0 0.478125 0.2203125 0.0625 0.209375
0 0.5671875 0.20703125 0.0671875 0.21171875
0 0.63828125 0.625 0.06484375 0.21640625
0 0.58046875 0.90390625 0.06953125 0.1921875
0 0.21640625 0.93515625 0.134375 0.09140625
0 0.103125 0.77421875 0.0578125 0.21171875
0 0.03828125 0.77734375 0.0625 0.2140625
0 0.22265625 0.5921875 0.13671875 0.0984375
0 0.2171875 0.4796875 0.1421875 0.11328125
0 0.11328125 0.38671875 0.09140625 0.1921875
0 0.0828125 0.5796875 0.13671875 0.09609375
0 0.08203125 0.17578125 0.0625 0.21171875
0 0.02265625 0.165625 0.0453125 0.22578125
0 0.3734375 0.03125 0.05078125 0.0625