0 0.5631969114417223 0.8048827827418602 0.08248742536599848 0.24155224801081765
0 0.9001076601288578 0.9543071138904178 0.09726644601368122 0.09138577221916436
0 0.8927111414305866 0.7266968847867218 0.09454253003658905 0.2705948580124085
0 0.8889021520528158 0.39935313478672174 0.0988936753659985 0.24174315201304478
0 0.9076226906826811 0.12851392345635798 0.10352663136536222 0.23711019601368122
0 0.5604578840308623 0.23383448607572382 0.0794442413669529 0.24854713534372674
0 0.5615776780712695 0.5314634640754056 0.07882607602640786 0.19542213534372693
0 0.21899292544554028 0.8289987986950896 0.15988462468172654 0.11278290535486271
0 0.40271394478035843 0.8420726053866794 0.1435056466820448 0.11493575135263541
0 0.40487314473263336 0.4905828307208611 0.08968230736790747 0.2556965640117722
0 0.310741336728179 0.4566794507081345 0.07978059603754373 0.27745338534372677
0 0.22173338072881532 0.4603306146960441 0.08530389003818009 0.2822045200111358
0 0.38194198535963514 0.19816806405154308 0.08491299136695299 0.24861077001113588
0 0.2949686966899989 0.1752840000397709 0.08496753536758934 0.25329827001113586
0 0.21239255402608972 0.19463288936186235 0.0769004966979531 0.23133236334340862
0 0.12307551535645349 0.17172155334977196 0.08259651336727117 0.25092724801081767
0 0.1323799793920882 0.4342942786839538 0.08504935136854383 0.26032952001113585
0 0.04844133139717888 0.47081248667249975 0.07933515336568034 0.23917213534372675
0 0.04191642202418071 0.17858862400540884 0.07707321936663483 0.24617611334340866