0 0.5353224109067355 0.8048827827418602 0.08528810904180588 0.24155224801081765
0 0.8669691883578118 0.9543071138904178 0.09843945963114606 0.09138577221916436
0 0.8677004594437147 0.7266968847867218 0.09767965947864603 0.2705948580124085
0 0.8753194697960414 0.39935313478672174 0.10169435904180588 0.24174315201304478
0 0.903504246865868 0.12851392345635798 0.1062727562682639 0.23711019601368122
0 0.5525210154832291 0.23383448607572382 0.08232676320211815 0.24854713534372674
0 0.5432492393633328 0.5314634640754056 0.0810902651019795 0.19542213534372693
0 0.1901365442654854 0.8289987986950896 0.16117584897381954 0.11278290535486271
0 0.37347572112722155 0.8420726053866794 0.1448241503605904 0.11493575135263541
0 0.3879084291428468 0.4905828307208611 0.0926466673624308 0.2556965640117722
0 0.2949221485576385 0.4566794507081345 0.08299956363895858 0.27745338534372677
0 0.20575054578409685 0.4603306146960441 0.08857741641250028 0.2822045200111358
0 0.37517791869361095 0.19816806405154308 0.08779551320211834 0.24861077001113588
0 0.2889683149701387 0.1752840000397709 0.08790461597565997 0.25329827001113586
0 0.2056830362847915 0.19463288936186235 0.07958296969913219 0.23133236334340862
0 0.11712968256131931 0.17172155334977196 0.0855063145888891 0.25092724801081767
0 0.11726992724298575 0.4342942786839538 0.08806827013597243 0.26032952001113585
0 0.03653819194108492 0.47081248667249975 0.07307638388216985 0.23917213534372675
0 0.037831037756545116 0.17858862400540884 0.07566207551309023 0.24617611334340866