0 0.68057398715146 0.5890625 0.1708615647365729 0.2546875
0 0.6225391120512137 0.73046875 0.12405741971559472 0.2453125
0 0.5204205049975994 0.74375 0.11338002884380156 0.228125
0 0.4223498579020289 0.73828125 0.11121387759904597 0.23046875
0 0.32097661205121375 0.73046875 0.09679618008855702 0.22578125
0 0.22446846495564313 0.725 0.09805010415382931 0.18046875
0 0.11035842076450195 0.7140625 0.10694077469461663 0.2359375
0 0.9731396801444856 0.88671875 0.053720639711028896 0.21171875
0 0.937849600467364 0.16328125 0.12430079906527211 0.2359375
0 0.41604308755708974 0.21171875 0.10617118008855701 0.22578125
0 0.3235003900466007 0.20703125 0.10744933755708974 0.21171875
0 0.21629154129135614 0.2046875 0.10652637759904601 0.23046875
0 0.11451555373891079 0.18125 0.10904772635429057 0.2328125