0 0.6187975318032493 0.5927622761454044 0.15897314937949716 0.2555692648307229
0 0.5459330301538966 0.7337685503459012 0.11260661473976086 0.24592609923787415
0 0.4424215852476038 0.7464498366466464 0.1027315095669115 0.22868405708339648
0 0.34492445962078316 0.7404129392041703 0.10045595572684549 0.23101417154477702
0 0.2443705301538966 0.732014111043535 0.08625706340697743 0.2262448583130606
0 0.14843590452707595 0.7259863039601385 0.08962610431491966 0.18095962939029936
0 0.041718346661723575 0.7143897529268662 0.08343669332344715 0.23645565046753828
0 0.9140428694916285 0.8921866009863901 0.11162913644737316 0.21233234923787414
0 0.9311865008579299 0.168726375088691 0.1342088301000249 0.23667836426498887
0 0.39383961355262664 0.21404588192438215 0.09563206340697743 0.2262994004675382
0 0.30178850587249473 0.2088220507386847 0.09756663644737333 0.21225053600615765
0 0.19482545203242876 0.2058556111417309 0.09576845572684549 0.23098690046753817
0 0.09550741363176898 0.18183632816063536 0.0981804018867795 0.23334428600615764