0 0.12915443471513416 0.3592131331160272 0.11850674136695298 0.24967449188232518
0 0.2635294347151341 0.36155865746575644 0.11364651869827132 0.23474892126547414
0 0.38644022338477035 0.38557463027335814 0.11760676535645347 0.17233074188232517
0 0.5081334100493159 0.3720769663114846 0.12071413136536221 0.2379966521907507
0 0.6309078387173613 0.3843741891190863 0.12514709269572605 0.21620347280760174
0 0.7737402287157704 0.3751509679330424 0.13686584269572588 0.2164080243497292
0 0.9142379593809524 0.36666808643857307 0.1395186753659985 0.24301143465815472
0 0.8494531321212218 0.8997462244291595 0.12749084269572597 0.2005075511416809
0 0.7181031347867217 0.8901511604077132 0.139400496697953 0.21969767918457342
0 0.5909139261218581 0.9021666115039124 0.12972550469445315 0.19566677699217508
0 0.4627162007876763 0.8948018055993174 0.12908970536281678 0.21039638880136521
0 0.33372813478672175 0.8868783357336725 0.1206504966979531 0.22624332853265505
0 0.061044612786403586 0.8829176400158861 0.09799369935549898 0.1649585726454461