0 0.4322252351882635 0.8276222766152296 0.22082124460132918 0.10795959269572605
0 0.4448730343853845 0.9517864826145932 0.22591975478036197 0.09006356802990752
0 0.43014469617017526 0.6853529606142751 0.2308470866740498 0.1182249306969986
0 0.41413206507936645 0.5330819359484569 0.2578601696474717 0.1255652633672712
0 0.39609585903470024 0.3980347739497295 0.2148914196474717 0.12506527669477147
0 0.37983290406976805 0.24185749928391137 0.2122472809985238 0.12035050469445326
0 0.3910033366740498 0.11116148261459331 0.21738536397194572 0.1274362986950896
0 0.12442710595238123 0.09940855931731891 0.2095728639719457 0.1273453920273624
0 0.14391519046696266 0.25711197131604624 0.24878555829641966 0.1301436753659985
0 0.1606590067829468 0.40859265531509176 0.22396603099852372 0.12048686469604401
0 0.17317639805278842 0.5429222019812281 0.2172351696474717 0.12509254869508943
0 0.1919332973421945 0.7014159546467281 0.23772814234957576 0.115962996697953
0 0.19800042951273747 0.8326932266470463 0.16570294802510183 0.11278290535486271
0 0.2071424969084558 0.9631528859802735 0.23726826495939476 0.07224026869827113