0 0.3546966132234223 0.83203125 0.2171313271970309 0.10546875
0 0.35576971674691915 0.95625 0.22285848997087018 0.0875
0 0.3658650969260863 0.68984375 0.22680184389007838 0.115625
0 0.36404784732179774 0.5375 0.25356893236988054 0.12265625
0 0.3586054925446597 0.40234375 0.21060018236988043 0.12265625
0 0.3569019032069277 0.24609375 0.20812004005001244 0.11796875
0 0.3802294061099216 0.115625 0.2130121285298145 0.125
0 0.11503631512283707 0.10078125 0.2051996285298145 0.125
0 0.12099230134941026 0.25859375 0.24198460269882052 0.12734375
0 0.12244067201154621 0.41015625 0.21983879005001244 0.11796875
0 0.12243700884199564 0.54453125 0.21294393236988046 0.12265625
0 0.1264161520197935 0.703125 0.2337648977301444 0.11328125
0 0.12025341706348829 0.834375 0.16182170157021036 0.1109375
0 0.11732812026642454 0.96484375 0.2346562405328491 0.06953125