0 0.37890625 0.83203125 0.2140625 0.10546875
0 0.38359375 0.95625 0.2203125 0.0875
0 0.3859375 0.68984375 0.2234375 0.115625
0 0.3796875 0.5375 0.25 0.12265625
0 0.3703125 0.40234375 0.20703125 0.12265625
0 0.3640625 0.24609375 0.2046875 0.11796875
0 0.38359375 0.115625 0.209375 0.125
0 0.11796875 0.10078125 0.2015625 0.125
0 0.12734375 0.25859375 0.240625 0.12734375
0 0.134375 0.41015625 0.21640625 0.11796875
0 0.13828125 0.54453125 0.209375 0.12265625
0 0.146875 0.703125 0.23046875 0.11328125
0 0.14453125 0.834375 0.15859375 0.1109375
0 0.1453125 0.96484375 0.2328125 0.06953125