0 0.14006209983059079 0.17586129626712177 0.2652448393778343 0.10530865746575646
0 0.12588693678935065 0.05546875 0.2517738735787013 0.1109375
0 0.7088590605092262 0.013039057834726048 0.2880306210184525 0.026078115669452097
0 0.7054526104245216 0.09482634131972287 0.3246044288262556 0.13288027840691902
0 0.7341908024049569 0.2257081485438933 0.2786093893637169 0.12037059577735916
0 0.7430715206937515 0.3647570117744181 0.2762656393637169 0.1203296854689337
0 0.7415229731975306 0.4992956530081202 0.2652448393778343 0.10530865746575646
0 0.7582693993929503 0.625694511774418 0.28022509727034206 0.10791150608578466
0 0.7778146018967294 0.7598649602322906 0.2700688472703421 0.1077342280826075
0 0.7696065307229851 0.8874814456217941 0.2737853814712089 0.11794502516050827
0 0.7958875806382805 0.9761757528459644 0.2559615736634058 0.026320586848905238
0 0.1843816622647813 0.9367987962671218 0.25159186305535763 0.11209444561520314
0 0.1966779939618693 0.8122391270302426 0.2699323393778343 0.10539047808260742
0 0.20010755987394174 0.6831419622575902 0.27346686305535756 0.1124762751605081
0 0.17413034684681902 0.5459556079555191 0.2608303551628498 0.10991433684890542
0 0.1766421548663837 0.41452832995234185 0.26331061305535763 0.11229899715733094