0 0.1296875 0.178125 0.259375 0.10078125
0 0.12265625 0.05546875 0.2453125 0.1109375
0 0.7078125 0.01796875 0.2859375 0.0359375
0 0.69921875 0.10703125 0.3171875 0.12734375
0 0.7203125 0.23828125 0.271875 0.115625
0 0.72109375 0.37734375 0.26953125 0.115625
0 0.71171875 0.51171875 0.259375 0.10078125
0 0.72109375 0.63828125 0.27421875 0.103125
0 0.7328125 0.77265625 0.2640625 0.103125
0 0.7171875 0.9 0.2671875 0.11328125
0 0.73828125 0.9890625 0.2546875 0.021875
0 0.1296875 0.9390625 0.2453125 0.1078125
0 0.14921875 0.81484375 0.2640625 0.10078125
0 0.16015625 0.6859375 0.2671875 0.1078125
0 0.1421875 0.5484375 0.2546875 0.10546875
0 0.15234375 0.4171875 0.25703125 0.1078125