0 0.347204118876469 0.13384193471513411 0.07976204544054104 0.19762952534213593
0 0.4295905663869581 0.13010895472627 0.08373915041956277 0.1883090693427723
0 0.5216237784195943 0.15385608473899665 0.0984053016643184 0.186138042011454
0 0.6200612784195942 0.15500150875235968 0.09988529129135611 0.205669292011454
0 0.7139888771748387 0.15374863876508638 0.0882490516643184 0.18601986334340861
0 0.8077980767599202 0.15405826877781306 0.10256000539858476 0.17916133601209036
0 0.901962473855491 0.14968039879053976 0.10866829544054113 0.1979658800127267
0 0.0283964492168029 0.5247460086728178 0.0567928984336058 0.20804031401177206
0 0.09849912882522395 0.526609048018772 0.09008423880184521 0.2102386133434088
0 0.18228213297440882 0.5354033400302259 0.08931464419578558 0.20008236334340862
0 0.27423283463408277 0.5396010387094071 0.09623915041956285 0.18845452001113577
0 0.01742727353965761 0.7490011213399088 0.03485454707931522 0.19068009134309066
0 0.08006474707699303 0.7492471166852264 0.09730474295103009 0.20251702001113578
0 0.168772049566504 0.7549709526973167 0.09112559793005195 0.19307838534372693
0 0.2616340557902813 0.7677805827100436 0.09552875539858477 0.17907952001113578
0 0.4615902020606592 0.5746225707351786 0.0905928016643184 0.18604713534372674
0 0.5497413974965559 0.5670469754137236 0.08878184793005203 0.1930511133434086
0 0.6397152020606593 0.5766952427593595 0.09493675954776962 0.17126702001113578
0 0.7315950487413113 0.5715088507717679 0.09623915041956295 0.18845452001113577
0 0.8198287545501701 0.5834826867838583 0.08478050954776961 0.1711488413430903
0 0.8808282219813911 0.42858664879053976 0.177594048965026 0.09807551535645356
0 0.4345602250816688 0.8982213765316576 0.08756289004660064 0.20355724693668478
0 0.5207461788159351 0.9059092903703732 0.10128184793005204 0.1881814192592536
0 0.6103414750816688 0.9017831390435889 0.08679329544054096 0.19643372191282218
0 0.6952609267413428 0.9032324162157706 0.09478339419578549 0.19353516756845898
0 0.7807723742518318 0.9028412141151765 0.1054365516643184 0.18621985801240867