0 0.8502322439941388 0.8136094019404763 0.12647626977166349 0.09446359318774995
0 0.8697568823214212 0.9478389561952024 0.0756950197716634 0.09416815651766228
0 0.7923481012182323 0.7006917663036608 0.15968801779449712 0.08528403590796181
0 0.8835328112177947 0.4947412272724412 0.08750661167271759 0.13485224385167988
0 0.9556916541074323 0.4490196611138583 0.05576452174883002 0.10342498184962742
0 0.9126194278334282 0.3367969170657867 0.07452910920126002 0.123060770979043
0 0.6635015651349464 0.872494564311871 0.08702910920125966 0.12313349385167989
0 0.5914355641463632 0.8776002208295335 0.07275836216700923 0.1371096354404237
0 0.5124338136520716 0.8804030339630542 0.08156035920125966 0.1231016775949012
0 0.43655706315778 0.8831876663784156 0.07940761018984292 0.12777554205628192
0 0.35840022965968277 0.8844234343323965 0.0728538626613009 0.1394533854404237
0 0.2897457301539744 0.8824796601318997 0.07051011266130089 0.13943974990180408
0 0.22090022965968284 0.8852233859314029 0.07715936068413445 0.1301056565176623
0 0.14566014912733513 0.8723830183467645 0.0702236111784261 0.1324084999018041
0 0.074997480648266 0.8813858345053471 0.06660652125453825 0.10114486436318479
0 0.022804205495166624 0.8817812651253106 0.04560841099033325 0.1301056565176623
0 0.017155701312278657 0.5326579638956466 0.03431140262455731 0.14249657220870696
0 0.07948463977297605 0.5220699218393646 0.0684846976422728 0.1472386143631848
0 0.1517907212939069 0.5302409701421624 0.06816636266130086 0.1394261143631848
0 0.2219440538034209 0.5337381539835796 0.07532494665368963 0.142592020979043
0 0.35198172228249003 0.5243899041799713 0.06563161167271767 0.13472497882456533
0 0.4243833042977124 0.530217202482769 0.07003261018984293 0.12772099990180408
0 0.5005783897729761 0.5196200700674076 0.0718033572240934 0.11367213544042372
0 0.5766461412558508 0.5121479376520461 0.08449435821267652 0.1184323583130606
0 0.6556160582520452 0.5101263745185255 0.06895027125453837 0.10115849990180407
0 0.7223897227767816 0.5198917390781019 0.0751976126613009 0.139467020979043
0 0.735464020228774 0.29486901318040293 0.08175136018984297 0.12778917759490122
0 0.65749818771926 0.2914172811343838 0.08478085969555131 0.12546360831306053
0 0.5777470207230656 0.2934433894474443 0.07491111117842611 0.132435770979043
0 0.498745270228774 0.296246202580965 0.08525836216700924 0.13718235831306053
0 0.41465677171164883 0.2897058319712643 0.08001244665368965 0.14261929205628193
0 0.23049001874589928 0.30483644916311947 0.07218535920125975 0.12304713544042353
0 0.1529061882135516 0.29200971711710033 0.06075311068413449 0.1300102077473264
0 0.08174877121735721 0.2939858284552229 0.07766869665368963 0.14260565651766247
0 0.024099391787323444 0.30061307835702705 0.04819878357464689 0.13002384328594588
0 0.7625344920913346 0.035179816065139355 0.07021168231923358 0.07035963213027871
0 0.6791317430799177 0.030735483170519128 0.06982968034206713 0.061470966341038255
0 0.6057579100761121 0.029585327993545 0.07207792984777565 0.05917065598709
0 0.27076082756659814 0.026648337530409245 0.06785334486680376 0.05329667506081849
0 0.20044832756659817 0.026848325430160837 0.06472834486680368 0.053696650860321674
0 0.12388582756659816 0.02707103922761147 0.06472834486680369 0.05414207845522294
0 0.041695410076112174 0.03122954669207086 0.07442167984777566 0.06245909338414172