0 0.024226217600680403 0.20126249107154628 0.03746777286549076 0.1115238810874323
0 0.0658234405588384 0.20600849228936227 0.0394568588003402 0.10140854139585782
0 0.1052852446425224 0.1943755170461286 0.03234376324684392 0.09894206047058125
0 0.14411213166583098 0.20933231534184524 0.03694941769334763 0.0966801310874323
0 0.1806671905588384 0.20400388717651227 0.03694941769334763 0.0966801310874323
0 0.21754963166583097 0.20805045901117927 0.034114594372369925 0.08257672077900677
0 0.3891790950053421 0.19801911972664188 0.0371131088003402 0.1013676310874323
0 0.4275694724100038 0.20047591802235853 0.03168899881887359 0.08019206047058132
0 0.4649876268565075 0.19747760308755039 0.035205868418987055 0.11382672077900677
0 0.3243477578893663 0.2890492686709817 0.07615576143274536 0.056764243100141165
0 0.409804108252186 0.29615661079818817 0.0735664747722566 0.04969208279171564
0 0.5292708708660577 0.26983779829901194 0.07841766587924912 0.054461403408566686
0 0.6868527031727101 0.17093487378712693 0.056480667693347544 0.09702105032431155
0 0.683189533750082 0.3570496517903042 0.046569954353836526 0.1038750223211343
0 0.6406845752198942 0.3710809241114385 0.04196429990733286 0.10613695170428335
0 0.6048859736759482 0.4428428758157218 0.05220239546082901 0.10865797970746058
0 0.5565303192294445 0.4460321055231823 0.03703126324684405 0.09902388108743235
0 0.5892659520764018 0.5775724318220762 0.03937501324684387 0.09906479139585792
0 0.056202937015459344 0.4453846379872912 0.03719495435383648 0.10371138108743234
0 0.09518359146196305 0.44235904951353267 0.03719495435383648 0.10371138108743239
0 0.1318477777596322 0.4401556213481997 0.03493304990733277 0.10601422077900687
0 0.17339043701545934 0.44333912256601565 0.034687513246843917 0.09898297077900686
0 0.21158984146196308 0.44032717086173234 0.03501489546082903 0.10835797077900686
0 0.3569296233131285 0.43857198173935075 0.03694941769334763 0.09668013108743234
0 0.39760918701545933 0.43942536972664187 0.03703126324684396 0.09902388108743239
0 0.4374529370154594 0.43872989448340827 0.03468751324684405 0.09898297077900682
0 0.47503478256895565 0.44041907954860005 0.037031263246843873 0.09902388108743239
0 0.06449413056952262 0.6156562276788657 0.03670388103285878 0.08964888108743238
0 0.10606407167651519 0.6196209788966817 0.04188245435383649 0.10379320170428344
0 0.14677091723001148 0.6212556168839727 0.03754961841898705 0.11386763108743239
0 0.18502488537884604 0.6198061651796895 0.0418006088003402 0.10144945170428325
0 0.21864591723001148 0.620001034092257 0.03735864546082901 0.10839888108743238
0 0.29130216723001146 0.6187328145310664 0.03719495435383653 0.10371138108743239
0 0.32481407167651516 0.615802683443634 0.03719495435383653 0.10371138108743239
0 0.3670834172300115 0.617410047891975 0.03953870435383653 0.10375229139585791
0 0.40550107648583855 0.6206480961876915 0.034933049907332814 0.10601422077900687
0 0.4438368901881695 0.6215423944834082 0.03485120435383635 0.10367047077900686
0 0.4811459172300115 0.6154190795486001 0.03719495435383653 0.10371138108743239
0 0.5618329220393349 0.6202644922926576 0.03444197658635506 0.09195172077900686
0 0.08809037639317138 0.7317215584419865 0.07874504809323421 0.06383640340856651
0 0.06625507112836101 0.822782935065192 0.07599207032575284 0.05207674310014108
0 0.32675606150971415 0.8057282540604851 0.07381201143274536 0.05672333279171582
0 0.6947843204953889 0.6890809017903041 0.05122024881887359 0.08053297970746058
0 0.6711608259376843 0.8184780754914103 0.04196429990733286 0.10613695170428343
0 0.7292907844678721 0.8041740677807725 0.07681052586071573 0.07551424310014099
0 0.957800219584415 0.8783580414024484 0.0491865228654909 0.11172843262955964
0 0.12310776105422723 0.9062169979714051 0.03754961841898705 0.11386763108743239
0 0.15907254290539266 0.9063709565755473 0.03694941769334763 0.09668013108743238
0 0.23102938845888893 0.9074601237838316 0.04196429990733277 0.10613695170428343
0 0.31060776105422727 0.9029441732973643 0.04188245435383653 0.10379320170428344
0 0.38921391069140754 0.8929731095803721 0.03763146397248338 0.11621138108743238
0 0.4304837514355803 0.8883441107981881 0.03670388103285873 0.08964888108743238
0 0.46529526105422725 0.9002440929412806 0.03989336841898705 0.1139085413958579
0 0.7385864281146027 0.8688950868554961 0.07664683475372307 0.07082674310014099
0 0.7207838584218221 0.9411246428618505 0.06977927586071572 0.07539151217486477
0 0.7420239413614466 0.967332586855496 0.05688740626060227 0.04159321063273715
0 0.5753250254821974 0.9170849452147568 0.03735864546082901 0.10839888108743238
0 0.6800620114327454 0.04489940462885412 0.05631697658635506 0.08979880925770824
0 0.582170148456054 0.06097526704942387 0.03234376324684387 0.0989420604705813