0 0.011457026294878629 0.2014625060501242 0.022914052589757258 0.11113294272021176
0 0.04290585995339933 0.2066903615345143 0.04357424647551504 0.10099032825883122
0 0.0835784041445405 0.19552105737798406 0.03636539772027052 0.09860567164297293
0 0.12067566244291025 0.21092334358053347 0.04087529896502597 0.09628919272021177
0 0.15774960995339932 0.20602222014216243 0.04087529896502597 0.09628919272021177
0 0.19411316244291027 0.21049609670379138 0.037465956433558746 0.08221305718159237
0 0.3665209587086439 0.20246490720503346 0.04123049647551502 0.10097669272021177
0 0.40456541036831783 0.20536719340758283 0.0349446076783142 0.07985567164297294
0 0.4422430091235624 0.20280527478967203 0.039833939836819356 0.11346305718159237
0 0.29174425642427 0.29270408782499685 0.07842192054078741 0.05590054205628192
0 0.37624931098837333 0.30080241325515766 0.07554537427505377 0.04885565651766246
0 0.4983969981259002 0.2758837056060271 0.08058807178554286 0.0535704275949012
0 0.6666160470909261 0.17885364862082648 0.06040654896502602 0.096402822208707
0 0.6423702958415264 0.36485023595484395 0.050783095230759655 0.10337498487468952
0 0.5983951528951407 0.3783814708295335 0.0462731939860042 0.1056914637974506
0 0.5547267406527231 0.4496979346269841 0.056607042741248746 0.1080943011314682
0 0.5061116418974786 0.45232348575845227 0.04105289772027056 0.09863294272021186
0 0.524231912018703 0.5841911092950192 0.04339664772027056 0.09864657825883114
0 0.013763042266918223 0.4458574006639299 0.027526084533836447 0.10332044272021186
0 0.04606213567370119 0.4432863916869395 0.04140809523075959 0.10332044272021186
0 0.08289928484386422 0.4415102682485685 0.03924194398600411 0.1056505571815924
0 0.12400953691845666 0.4451756237329586 0.038709147720270475 0.0986193071815924
0 0.1624683856737012 0.442609159935508 0.03941954274124866 0.10799430718159239
0 0.3077216860886197 0.4425450065411035 0.04087529896502602 0.09628919272021168
0 0.34822828691845664 0.44387115720503345 0.04105289772027056 0.09863294272021168
0 0.38807203691845665 0.44363935304850316 0.038709147720270565 0.0986193071815924
0 0.4253944381632121 0.4457649344305924 0.04105289772027056 0.09863294272021181
0 0.008215764360166614 0.6161562651253105 0.016431528720333228 0.08925794272021186
0 0.03731132986019797 0.6206028706097007 0.04609559523075959 0.1033477137974506
0 0.07775873110495343 0.6227102712736305 0.04217768983681924 0.11347669272021185
0 0.11609918069003493 0.6217063074761799 0.04591799647551503 0.10100396379745077
0 0.14963373110495343 0.6222921147559681 0.04176329274124866 0.10800794272021186
0 0.2222899811049534 0.6218694130587659 0.04140809523075965 0.10332044272021186
0 0.256061329860198 0.6193302203385542 0.04140809523075957 0.10332044272021186
0 0.2980712311049534 0.6214285306434044 0.04375184523075966 0.10333407825883115
0 0.3360564831795459 0.6251120668459539 0.03924194398600411 0.1056505571815924
0 0.37421933400938284 0.6264518530485033 0.039064345230759565 0.10330680718159221
0 0.41213373110495344 0.6207649344305924 0.04140809523075965 0.10332044272021186
0 0.49212888442430136 0.6265467809379921 0.038176351454536926 0.0915880571815924
0 0.02381001129840112 0.7324488856368153 0.04762002259680224 0.06294542759490121
0 0.0070684994196177535 0.8232193313820891 0.014136998839235507 0.051213042056281924
0 0.23698833068539055 0.8092012414157932 0.07607817054078732 0.05588690651766237
0 0.6172104721818837 0.696881485954844 0.0544758576783142 0.07996930113146802
0 0.5793175406434342 0.8259513624182772 0.0462731939860042 0.10569146379745042
0 0.6389176835898199 0.8123292239527913 0.07984271058274359 0.07465054205628183
0 0.8587789750816688 0.8891406670657866 0.053718841081574806 0.11120112041330898
0 0.022616332135283072 0.9072807139938422 0.042177689836819236 0.1134766927202115
0 0.05849463255020156 0.9078528857350111 0.04087529896502597 0.09628919272021186
0 0.13019203379495703 0.9097784792173489 0.046273193986004116 0.10569146379745079
0 0.21011633213528308 0.9061898709042883 0.04609559523075957 0.10334771379745078
0 0.2896737775711797 0.8971370577707676 0.04235528859206372 0.11582044272021186
0 0.3313760254965873 0.8929899132551575 0.04034250269929238 0.08925794272021151
0 0.36480383213528306 0.9052899253554061 0.04452143983681926 0.11349032825883114
0 0.6410353680280545 0.8771320673369332 0.0794875130722545 0.06996304205628193
0 0.6152765062005553 0.9491252420049683 0.0728114605827436 0.07460963544042372
0 0.6335762203077839 0.9755695673369331 0.05854712842423861 0.040947707747326235
0 0.47275804209332684 0.9234036002198328 0.04176329274124875 0.10800794272021186
0 0.6739218294592126 0.051523534159445904 0.060051351454536925 0.091715322208707
0 0.5743003377575825 0.06772122678146182 0.036365397720270566 0.09860567164297293