0 0.040775460396286795 0.13710055800445434 0.07380776827467714 0.154660775342136
0 0.11388673670464604 0.1457584900143175 0.06677651827467712 0.15457895934118143
0 0.17813895250377904 0.1363567653564535 0.06623048670464607 0.14520395934118144
0 0.2477535024896616 0.15200049403245305 0.06356821828879458 0.13970793734086331
0 0.3141597524896616 0.15277320070813444 0.06623048670464601 0.14520395934118144
0 0.3823105130130053 0.1566890887173613 0.06261266304124016 0.12330168734086326
0 0.6887957314429742 0.1508867207590412 0.0757419945971538 0.14765679734245413
0 0.7604432182887946 0.14781681210213166 0.06923438936371688 0.11635225334181776
0 0.8325002288121383 0.15177815344522214 0.07728908404557515 0.17421929734245412
0 0.5722214234234094 0.28069130474217835 0.131529992036905 0.07335677868395382
0 0.9331225841161623 0.2506343714592215 0.13375483176767525 0.08450336401972632
0 0.9664826774931911 0.33691731679658493 0.06703464501361793 0.07048577001113579
0 0.09999562585660136 0.4836488413430905 0.06623048670464604 0.1452039593411815
0 0.16635637322576544 0.4836402980187719 0.06429626038216937 0.15220793734086335
0 0.23487886007158582 0.48053402669477147 0.0665035024896616 0.14989145934118148
0 0.30698137322576546 0.48527661803786193 0.06609397881213823 0.1428602093411815
0 0.3745783969032888 0.49308966538031596 0.06167949459715381 0.1474931653405452
0 0.6304188732257654 0.489040154081769 0.07312522881213823 0.1429420253421359
0 0.7070268758566014 0.4907122894254957 0.0732617367046462 0.14528577534213588
0 0.7742143758566014 0.4914940867679499 0.07794923670464601 0.14534031934277217
0 0.8452626232257654 0.49154008744426764 0.07078147881213823 0.14291475334181775
0 0.9812063451913342 0.5050224267981758 0.0375873096173315 0.13275850334181777
0 0.11372971509326128 0.7328585006763177 0.06784619461127125 0.1327312313414996
0 0.1883124861399487 0.7399721140197264 0.07849526827467716 0.15471531934277233
0 0.2569714808782768 0.7392095926957258 0.07132751038216938 0.15228975334181777
0 0.3262752177240972 0.7361124120384982 0.07091798670464602 0.14525850334181775
0 0.3913009782474409 0.7399919373806343 0.07119100248966159 0.14994600334181776
0 0.517863478247441 0.7414646253978152 0.06884725248966159 0.14991873134149963
0 0.5812812361399488 0.7445447194064057 0.0662304867046462 0.1452039593411815
0 0.6563267387707846 0.7461986734165871 0.06691302616718495 0.1569227093411815
0 0.7237872545558002 0.7516679707590412 0.07132751038216938 0.15228975334181777
0 0.7929999861399486 0.7470082901018136 0.07560548670464602 0.1453130473424542
0 0.8602329887707846 0.7485713374442676 0.07601501038216937 0.15234429734245403
0 0.986973621393813 0.7495264047978576 0.02605275721237419 0.14525850334181775