0 0.031399556197782265 0.13652785245932803 0.06279911239556453 0.15428349990180412
0 0.09957955285201878 0.14391765076212581 0.06408369912514758 0.15424259328594586
0 0.16483713832728233 0.13338415086032165 0.06370169714798121 0.14486759328594587
0 0.23298230186343566 0.1478279250608185 0.061135112661300894 0.1393852077473264
0 0.2993885518634356 0.14744158479993472 0.06370169714798121 0.14486759328594587
0 0.3672299678710468 0.15017115417997137 0.06046660920125966 0.12297895774732641
0 0.6746432198482132 0.1390098986208265 0.07317219764227278 0.14726588544042354
0 0.7466773873386992 0.13468549210316408 0.06721135771838505 0.11598861436318471
0 0.8184250533463103 0.13739233558550165 0.07425453657757757 0.17382838544042353
0 0.5450764421678842 0.2709825821676561 0.1302724318249421 0.07261586426498887
0 0.9175708660841607 0.23444862188624688 0.14868685079830257 0.08365790339440445
0 0.9437566812934695 0.32021340506373414 0.08486443133065044 0.07000849385167988
0 0.05220189817593303 0.48239434348233756 0.06370169714798121 0.14486759328594587
0 0.11863998167403023 0.48122675322145386 0.06164444863085596 0.15188520774732642
0 0.1875491491645162 0.4769205274219507 0.06389269813656435 0.14955509328594588
0 0.2592649816740302 0.48040862090428826 0.06360619665368965 0.14252384328594586
0 0.3261659801911555 0.4870489854638647 0.059109697642272786 0.14718407220870694
0 0.5827024816740302 0.47852691657480745 0.07063744665368965 0.14256474990180407
0 0.659233148175933 0.47886273897990606 0.07073294714798131 0.14490849990180407
0 0.7264206481759331 0.4784718535394825 0.07542044714798131 0.144935770979043
0 0.7975462316740302 0.47727699220136 0.06829369665368965 0.1425511143631848
0 0.9486312292025723 0.48811397737063694 0.06787986117842593 0.1323948643631848
0 0.04126576228292759 0.7316176386618773 0.06553611117842609 0.13238122882456532
0 0.11522984429815002 0.7374358466055956 0.07580244912514758 0.154310770979043
0 0.1840435112943444 0.7354733708060923 0.06867569863085596 0.1519261143631848
0 0.2537339287848304 0.7311625998270493 0.06838919714798122 0.1448948643631848
0 0.3184503447924416 0.7339103499252453 0.06858019813656435 0.14958236436318478
0 0.44501284479244163 0.7331740308397963 0.06623644813656444 0.14956872882456534
0 0.5081985942981501 0.7351496212970717 0.06370169714798131 0.14486759328594587
0 0.5831667608000528 0.7354945340612501 0.06417919961943923 0.15658634328594587
0 0.6501632598114696 0.7397911486208264 0.06867569863085592 0.15192611436318462
0 0.71991734429815 0.7339178776417834 0.0730766971479813 0.14492213544042354
0 0.7870730108000529 0.7343082422013599 0.0733631986308561 0.15195338544042353
0 0.93632359429815 0.7326588629092564 0.0683891971479813 0.1448948643631848