0 0.5799302240320083 0.8881770880808144 0.15796823295387127 0.10025563335454421
0 0.5868268806869859 0.7616691320814508 0.19168471387914784 0.10767778202577141
0 0.577989443186162 0.6412293627466327 0.19881142126547413 0.11322834802672599
0 0.5990167836885154 0.510978788749178 0.19867505357072252 0.10541584802672599
0 0.5933043461876915 0.39057538208145076 0.20666483157389964 0.11566300469445334
0 0.596526577923747 0.25074072274822357 0.21394154342445262 0.12980732069540776
0 0.5807806213481996 0.1231878874124509 0.2208091521907507 0.12051413669636228
0 0.16468406290621326 0.05583347135581714 0.16031198295387145 0.10028290535486264
0 0.025 0.05185340133672711 0.05 0.10370680267345422
0 0.13680097605730784 0.3102482513526355 0.20353983157389965 0.11562664202736243
0 0.14243159294128066 0.43533915802036266 0.20656937418757346 0.11019425469445335
0 0.14024970982525345 0.5603391580203627 0.20656937418757346 0.11019425469445317
0 0.1395212325534249 0.6916073393539082 0.18951824188232513 0.11780676002545327
0 0.13725752882054668 0.8212948393539081 0.19394664326229694 0.10301755402608989