0 0.6569355030252186 0.8881770880808144 0.16313342055068922 0.10025563335454421
0 0.652772890888618 0.7616691320814508 0.1972188434471672 0.10767778202577141
0 0.6334223213266644 0.6412293627466327 0.2046325056999832 0.11322834802672599
0 0.6430490575809096 0.510978788749178 0.20408620248167447 0.10541584802672599
0 0.626823488018956 0.39057538208145076 0.21260889666547592 0.11566300469445334
0 0.6178259104112307 0.25074072274822357 0.22062349245843152 0.12980732069540776
0 0.5909524179527993 0.1231878874124509 0.226999178596461 0.12051413669636228
0 0.16939449220632988 0.05583347135581714 0.1654771705506893 0.10028290535486264
0 0.028605601240837258 0.05185340133672711 0.057211202481674515 0.10370680267345422
0 0.16376647712319264 0.3102482513526355 0.2094838966654758 0.11562664202736243
0 0.18031982861613147 0.43533915802036266 0.21222648441265973 0.11019425469445335
0 0.18906068010907026 0.5603391580203627 0.21222648441265973 0.11019425469445317
0 0.19980107417665602 0.6916073393539082 0.1955852876309684 0.11780676002545327
0 0.20886970760058002 0.8212948393539081 0.19923481151618194 0.10301755402608989