0 0.046875 0.05183521077238853 0.09375 0.10367042154477706
0 0.8507886844835706 0.04949004087793147 0.23123513103285873 0.0903896924256242
0 0.11784468739397749 0.4070181353422277 0.21071429990733276 0.1066732225780493
0 0.5670435900263827 0.45495320393669747 0.21774554990733286 0.10671412919390769
0 0.5831001212445759 0.5769463786047325 0.21984376324684388 0.09969651473252697
0 0.5829686572720926 0.6925941045024315 0.23139882213985138 0.09507719242562426
0 0.5893773699786315 0.8223452370159887 0.210796145460829 0.10901697257804921
0 0.583258800834005 0.9509026087992873 0.2128943588003402 0.09819478240142523
0 0.10416536963112943 0.8929692708808471 0.20833073926225887 0.09261072257804912
0 0.11380694030438436 0.7687868823171655 0.21766370435383647 0.10437037919390768
0 0.1062350316815294 0.6499687046240685 0.1886756088003402 0.10185845755093474