0 0.046875 0.05210794000636334 0.09375 0.10421588001272668
0 0.8487086959074158 0.054449167449040124 0.2353951081851684 0.09171697469763493
0 0.10334482366759319 0.4077863226845901 0.20668964733518638 0.10787777669477147
0 0.5459517760436193 0.45834413741245095 0.2226718386403311 0.10795959269572605
0 0.5563157069481255 0.5804554947485417 0.22444163273097573 0.1009556146960442
0 0.5507835708831699 0.6961259480824052 0.2357777454580722 0.09640447469763487
0 0.5511347729995035 0.8259407174172235 0.21583190727678297 0.11022152669477156
0 0.5389222022370198 0.9523912558680665 0.21760170136742757 0.09521748826386692
0 0.08439635540074523 0.8937510946849082 0.16879271080149047 0.0938152766947713
0 0.09458826006228277 0.7696050700190901 0.18917652012456554 0.10561584269572606
0 0.08630123169328216 0.6507187100174991 0.17260246338656432 0.10293573802513514