0 0.0578125 0.80078125 0.071875 0.1390625
0 0.06875 0.6078125 0.0796875 0.1921875
0 0.071875 0.0796875 0.08671875 0.15859375
0 0.18125 0.10546875 0.084375 0.16328125
0 0.3421875 0.31953125 0.17578125 0.1734375
0 0.2671875 0.41328125 0.1390625 0.16328125
0 0.3125 0.60546875 0.09609375 0.1828125
0 0.2171875 0.59375 0.0890625 0.1734375
0 0.23046875 0.8125 0.08671875 0.1734375
0 0.334375 0.86875 0.09140625 0.18984375
0 0.2390625 0.984375 0.06953125 0.03125
0 0.54921875 0.9328125 0.0890625 0.134375
0 0.53359375 0.5296875 0.09140625 0.18046875
0 0.546875 0.75390625 0.084375 0.1703125
0 0.5296875 0.3234375 0.09375 0.17578125
0 0.52734375 0.1296875 0.0796875 0.10546875
0 0.5265625 0.0328125 0.08203125 0.06484375
0 0.84375 0.36875 0.09609375 0.1515625
0 0.86640625 0.62265625 0.09375 0.1875
0 0.884375 0.83046875 0.10078125 0.18046875
0 0.84140625 0.1421875 0.09609375 0.1734375