0 0.5993353799986874 0.6130655430382405 0.0833112015966055 0.1660704275949012
0 0.8033663053978387 0.65329459153743 0.09388128707186913 0.17628576492891881
0 0.8211599363479284 0.8790258445624921 0.09679804003761845 0.1903619004675381
0 0.5195828488954986 0.8612444886853184 0.0872320390490355 0.1856198583130606
0 0.5111788053978388 0.6549944886853185 0.07669378707186905 0.176185770979043
0 0.49185716653908385 0.3917632356602564 0.15099345011373072 0.1594346082148647
0 0.7707952500371811 0.39092185656454465 0.09856878707186922 0.17631303600615764
0 0.7600474565395213 0.18468549210316407 0.09834595258518881 0.17084428600615764
0 0.6225262574143737 0.03326217664699644 0.07705193133065044 0.06652435329399288
0 0.7642999219391102 0.022900127052608306 0.08484984387822045 0.04580025410521661
0 0.9893967517300204 0.09971455270260199 0.021206496539959117 0.17825226502711464
0 0.4410653517868859 0.08633188885826912 0.07900570357377176 0.17266377771653824
0 0.23877068133065044 0.06904037060970064 0.14004136266130088 0.13808074121940128
0 0.11168821098814566 0.20955628630074524 0.15520344764227278 0.1477431292921035
0 0.020536628972923222 0.21633807230690288 0.028339858706968146 0.12044885538619425
0 0.048666876538646334 0.599859099434266 0.05579103806045223 0.18075055113146804
0 0.11524954007479962 0.5846244639938424 0.0786237015966055 0.16604315651766247
0 0.19144462555006317 0.5943398315784809 0.07200628707186904 0.17615849990180407
0 0.2670030410633828 0.5884301991631193 0.08448904102620176 0.1949766775949012
0 0.34527262110143886 0.5723461360295987 0.08401153855474383 0.1832579275949012
0 0.37811824908577896 0.7839239854638647 0.07814619912514757 0.15432440651766227
0 0.28896024859148733 0.7820983859314029 0.07871920209089707 0.16838690651766247
0 0.21112175007436212 0.7895841538853838 0.07168795209089707 0.16834599990180427
0 0.13006275106294526 0.794744352557524 0.07168795209089707 0.16834599990180427
0 0.060369674979221875 0.8295329638956466 0.05879136266130085 0.13937157220870694