0 0.6029283325032607 0.609724609922049 0.08427660835322097 0.1665158853437269
0 0.8072006095915659 0.6487763772279139 0.09490589329940917 0.17679031401177223
0 0.8263102903183623 0.874457629893414 0.09790461476336176 0.1908800860120902
0 0.5246193577295392 0.8584262866009121 0.088311290942044 0.18608349801081764
0 0.515013109591566 0.6521762866009121 0.077718393299409 0.17659031934277233
0 0.49415683829422896 0.38899503393541207 0.1519178726212445 0.16027552335295372
0 0.773099475597782 0.3865309158975502 0.09959339329940882 0.1768448580124085
0 0.7611494774598088 0.18030818789786834 0.09933868217453856 0.1713761080124085
0 0.6227311786598818 0.031563300793695 0.07745722001621083 0.06312660158739
0 0.7644456437136937 0.020800111951002252 0.08514128742738744 0.041600223902004504
0 0.9894445666873057 0.09395996586573344 0.021110866625388525 0.17837953866963624
0 0.441575377997928 0.08516369863941034 0.08002575599585597 0.17032739727882068
0 0.23917597001621066 0.06854945798854598 0.1408519400324213 0.13709891597709195
0 0.11291318465573781 0.20895628198600064 0.1560595630679506 0.14861131735358998
0 0.02179803308416125 0.21626988999840915 0.029041144747151016 0.1205852200031817
0 0.052164199128649245 0.5997181893300456 0.05684296712072654 0.18103237133990877
0 0.11866034036114359 0.5840926419875915 0.07958910835322089 0.16646134134309049
0 0.19491462530733167 0.5933670973106373 0.07303089329940896 0.17653577534213588
0 0.27044116418246117 0.5870165526336834 0.08562293858467926 0.19542213534372693
0 0.3486196681114026 0.5704733952896384 0.08507712903138528 0.18370338534372693
0 0.3826993773742463 0.7819103346196841 0.07904329879992691 0.1547425913430903
0 0.29352771546358747 0.7806029206317743 0.07969827026387968 0.16880509134309046
0 0.21573020119556383 0.7885432373090466 0.07266702026387968 0.16872327534213608
0 0.13469852501688143 0.7941761666534097 0.07266702026387968 0.16872327534213588
0 0.06520581637321028 0.8293784173297274 0.05960194003242132 0.1396806653405452