0 0.6931955375661607 0.17014339457354974 0.07618445110231384 0.1640903193427723
0 0.7663147025851886 0.16147637189691383 0.08321570110231384 0.1641721353437268
0 0.8391301200756747 0.16453718988705063 0.07824169961943923 0.15708634134309046
0 0.8483512001509119 0.5442974152212324 0.07082844764227261 0.1476295253421359
0 0.767436781177551 0.5342962538988228 0.07425453657757738 0.17421929734245403
0 0.6980010316718426 0.5374490732415952 0.0728538626613009 0.13984429734245402
0 0.6200351991623286 0.5422643899188674 0.08058544961943923 0.15711361334340862
0 0.37100745015091185 0.5498518126193659 0.07317219764227278 0.14765679734245402
0 0.38091837205284096 0.1792484112826387 0.06534511018984288 0.12804373134149963
0 0.31838653855474386 0.17919441462445648 0.06623644813656444 0.14991873134149963
0 0.2466388725471326 0.18315575596754693 0.07082844764227278 0.14762952534213594
0 0.17624811809850832 0.16287107531031925 0.0669049515966055 0.16632498134149962
0 0.11256762007567464 0.17299150998568247 0.06417919961943915 0.1569227093411815
0 0.03619612106425783 0.17856989532940926 0.06398819863085597 0.15223520934118148
0 0.08931178117755104 0.5421869526575459 0.06427470011373074 0.1592664593411815
0 0.1612822816718426 0.5436943613144554 0.0689622001137307 0.15932100334181776
0 0.23019144916232862 0.5468006326384558 0.06633194863085601 0.1522624813414996
0 0.3009986976794538 0.538942131962138 0.06398819863085592 0.15223520934118148
0 0.10013517053059759 0.807811952657546 0.06848469764227279 0.14760225334181776
0 0.17001658900966676 0.8155966333147736 0.07326769813656435 0.15000054734245402
0 0.24396342497922188 0.8272421106381376 0.07191078657757748 0.17419202534213615
0 0.31518450897161066 0.8295398599618199 0.07881470258518863 0.17114884134309066
0 0.38104958950395834 0.8154859032861385 0.06700045209089715 0.16866873134149962
0 0.5068945065001527 0.8155848059357302 0.06437020060802237 0.16161020934118148
0 0.5740329269563882 0.8327808492600489 0.07191078657757739 0.17419202534213615
0 0.6445855074887359 0.8186723485837311 0.06886669961943923 0.15697725334181775
0 0.7039605074887358 0.8179814579090042 0.06417919961943923 0.1569227093411815
0 0.780091925967805 0.82569341323205 0.06486760771838504 0.11632498134149963
0 0.8463390084773191 0.8210144565563688 0.0682936966536893 0.14291475334181775