0 0.6859375 0.178125 0.06953125 0.16328125
0 0.759375 0.1703125 0.0765625 0.16328125
0 0.83203125 0.17421875 0.071875 0.15625
0 0.82578125 0.55390625 0.06484375 0.146875
0 0.7453125 0.54296875 0.0671875 0.1734375
0 0.67578125 0.5453125 0.0671875 0.1390625
0 0.59765625 0.54921875 0.07421875 0.15625
0 0.3484375 0.55390625 0.0671875 0.146875
0 0.3734375 0.18359375 0.06015625 0.12734375
0 0.3109375 0.1828125 0.06015625 0.14921875
0 0.2390625 0.1859375 0.06484375 0.146875
0 0.16953125 0.16484375 0.06015625 0.165625
0 0.10546875 0.17421875 0.0578125 0.15625
0 0.02890625 0.17890625 0.0578125 0.1515625
0 0.0671875 0.54296875 0.0578125 0.15859375
0 0.1390625 0.5453125 0.0625 0.15859375
0 0.2078125 0.54921875 0.06015625 0.1515625
0 0.27890625 0.5421875 0.0578125 0.1515625
0 0.0671875 0.80859375 0.0625 0.146875
0 0.13671875 0.8171875 0.0671875 0.14921875
0 0.21015625 0.8296875 0.06484375 0.1734375
0 0.28125 0.8328125 0.071875 0.1703125
0 0.34765625 0.81953125 0.06015625 0.16796875
0 0.4734375 0.82109375 0.0578125 0.1609375
0 0.53984375 0.8390625 0.06484375 0.1734375
0 0.6109375 0.82578125 0.0625 0.15625
0 0.6703125 0.82578125 0.0578125 0.15625
0 0.74609375 0.834375 0.06015625 0.115625
0 0.8125 0.83046875 0.0625 0.1421875