0 0.6786794624338393 0.16615191640080074 0.07618445110231384 0.16449492248329012
0 0.7524352974148114 0.15705756007013477 0.08321570110231384 0.16461765340856668
0 0.8249323799243253 0.15969559050894397 0.07824169961943923 0.15750458279171564
0 0.8032112998490881 0.5394921846647452 0.0708284476422727 0.14800685186643925
0 0.7231882188224489 0.5299592719206878 0.07425453657757757 0.17461026217486458
0 0.6535614683281574 0.533516694403978 0.0728538626613009 0.1402352621748646
0 0.5752773008376714 0.5387866213514949 0.08058544961943923 0.15754549310014115
0 0.3258675498490882 0.5478242508140742 0.07317219764227278 0.1480477621748646
0 0.365956627947159 0.17707537419086875 0.06534511018984297 0.1283937812495881
0 0.30348846144525615 0.17738506574888233 0.06623644813656444 0.15026878124958812
0 0.2314861274528674 0.18176464854059798 0.07082844764227278 0.1480068518664391
0 0.1628143819014917 0.16188457102388812 0.0669049515966055 0.16667503124958807
0 0.09836987992432536 0.17237778612085206 0.06417919961943915 0.1572591209411626
0 0.02680523912558508 0.1784016895294187 0.05361047825117016 0.15257162094116258
0 0.04506321882244896 0.5417959878251354 0.06427470011373074 0.15960287094116268
0 0.11684271832815737 0.5428851550334197 0.06896220011373072 0.15968469155801374
0 0.18543355083767138 0.5455913693196048 0.06633194863085601 0.152612531249588
0 0.2568138023205462 0.5373191732973643 0.06398819863085592 0.15257162094116267
0 0.0342410891452694 0.8074209878251354 0.0684821782905388 0.14796594155801374
0 0.10342091099033324 0.8148010653418453 0.07326769813656436 0.15039151217486468
0 0.17634907502077812 0.8260192090111793 0.07191078657757748 0.174569351866439
0 0.24731549102838937 0.8279032629889388 0.07881470258518863 0.1715670827917158
0 0.31426291049604166 0.8134628875835492 0.06700045209089707 0.16901878124958794
0 0.4399804934998473 0.8128298676980469 0.06437020060802237 0.1619466209411627
0 0.5056545730436117 0.8296394922926575 0.07191078657757739 0.17456935186643924
0 0.5772894925112642 0.815117296270417 0.06886669961943923 0.15734094155801365
0 0.6366644925112641 0.8140809017903041 0.06417919961943923 0.15725912094116268
0 0.712095574032195 0.8213518851512127 0.06486760771838504 0.11667503124958793
0 0.7786609915226809 0.8162865097458232 0.06829369665368965 0.14327844155801372