0 0.6092806636059376 0.4822077171222635 0.1578194762518894 0.06987394358660844
0 0.769664426760117 0.4810970048646734 0.1506517183593818 0.06740746266133187
0 0.9201873425027802 0.43445560429548047 0.09513673670464584 0.14604493141174385
0 0.4767712714702104 0.44783094277253427 0.06964391304124007 0.12374719155801368
0 0.39364025305435896 0.45185419520816633 0.07763071828879457 0.1402761724832901
0 0.3181775214702104 0.4450626785690748 0.07874589725622458 0.11922333279171564
0 0.24483102673188223 0.44221832223840885 0.07239718671876343 0.13081935186643906
0 0.16427127147021042 0.44237623498246637 0.0798379603962868 0.13797333279171564
0 0.09304101357770263 0.44347903896022584 0.07198766304124016 0.12378810186643907
0 0.026928343606436828 0.4554375223211344 0.053856687212873657 0.1308602621748646
0 0.04645662698599608 0.7062148181812191 0.08177218671876348 0.13098299310014117
0 0.2095481611868631 0.6988950162320544 0.07615151827467717 0.15507901217486458
0 0.2862926717102068 0.697106419640621 0.07046296039628679 0.13780969155801354
0 0.36726965592519123 0.7032121436660388 0.07226067882625564 0.12847560186643925
0 0.4351929032943553 0.7051797926103786 0.06896137357870132 0.11202844155801354
0 0.5135909190793708 0.7018559695578955 0.07212417093374786 0.12613185186643908
0 0.5956221690793708 0.7032878303527884 0.08149917093374785 0.12629549310014115
0 0.6689231611868631 0.7069134366834543 0.06978042093374785 0.12609094155801373
0 0.7449774269718785 0.7035487033225458 0.08669490514873246 0.12170345048646744
0 0.8323864217102068 0.7066385215037648 0.09413567882625565 0.12885743141174383
0 0.9146451848643864 0.7041641322986577 0.07474093671876361 0.1308602621748646
0 0.007224610918631846 0.8950767207790069 0.014449221837263692 0.14015344155801374
0 0.2029510087395538 0.8927268368489054 0.07515046039628678 0.13789151217486478
0 0.2720727350620305 0.9009717593321955 0.07515046039628678 0.13789151217486478
0 0.3607635087395538 0.8954814642828897 0.08250022881213823 0.14348299310014098
0 0.44514621401534316 0.9102491221556832 0.06950740514873247 0.12140344155801372
0 0.5154055061087178 0.8989627946389736 0.08438895250377901 0.13571140340856686
0 0.5949109955853742 0.9034787451254406 0.07474093671876343 0.13086026217486477
0 0.6671045140012256 0.8992645779171564 0.079701452503779 0.13562958279171583
0 0.7469740245245694 0.8975305284036239 0.0798379603962868 0.1379733327917158
0 0.8256905587254364 0.8887379553511409 0.07144163147120892 0.1144131018664389
0 0.9032240245245694 0.9002578822986578 0.08999421039628679 0.13815061079489296