0 0.63671875 0.47109375 0.15390625 0.0671875
0 0.796875 0.4671875 0.146875 0.06484375
0 0.94453125 0.41796875 0.08671875 0.14453125
0 0.50234375 0.4390625 0.0625 0.12265625
0 0.41953125 0.44453125 0.06953125 0.1390625
0 0.34375 0.4390625 0.071875 0.11796875
0 0.2703125 0.4375 0.06484375 0.1296875
0 0.18984375 0.4390625 0.071875 0.13671875
0 0.11875 0.44140625 0.06484375 0.12265625
0 0.04296875 0.4546875 0.0671875 0.1296875
0 0.0875 0.7046875 0.07421875 0.1296875
0 0.25 0.69453125 0.0671875 0.15390625
0 0.3265625 0.69140625 0.0625 0.13671875
0 0.4078125 0.69609375 0.06484375 0.12734375
0 0.47578125 0.696875 0.0625 0.1109375
0 0.55390625 0.6921875 0.06484375 0.125
0 0.6359375 0.6921875 0.07421875 0.125
0 0.709375 0.69453125 0.0625 0.125
0 0.78515625 0.68984375 0.0796875 0.1203125
0 0.87265625 0.69140625 0.08671875 0.12734375
0 0.9546875 0.6875 0.0671875 0.1296875
0 0.03125 0.89453125 0.0625 0.1390625
0 0.2546875 0.88828125 0.0671875 0.13671875
0 0.32421875 0.8953125 0.0671875 0.13671875
0 0.4125 0.88828125 0.07421875 0.1421875
0 0.49765625 0.9015625 0.0625 0.1203125
0 0.5671875 0.8890625 0.0765625 0.134375
0 0.646875 0.8921875 0.0671875 0.1296875
0 0.71875 0.88671875 0.071875 0.134375
0 0.7984375 0.88359375 0.071875 0.13671875
0 0.8765625 0.8734375 0.06484375 0.11328125
0 0.9546875 0.88359375 0.08203125 0.13671875