0 0.19462835904392542 0.8655169574527388 0.15836201495939478 0.07042665036934252
0 0.20018554904946276 0.7787982074527389 0.15836201495939478 0.07042665036934252
0 0.19601728563122744 0.6974936652982612 0.14838623766149883 0.06099710821486468
0 0.20016216996123873 0.6084220749391814 0.1566691070321154 0.08056926483072288
0 0.2051686474437048 0.5302970749391814 0.12696182063492084 0.06790109318774995
0 0.45316725401439484 0.6239617582896194 0.12839151758028838 0.19989143657189173
0 0.023883051552693754 0.8300420240041051 0.04776610310538751 0.163685770979043
0 0.08531271823550912 0.8273669967785462 0.0796943992894061 0.158998270979043
0 0.08929571869693445 0.6554510901626879 0.0748567049649321 0.15662724990180407
0 0.02240899155823108 0.6541789607723885 0.04481798311646216 0.158998270979043
0 0.04974922039036484 0.505064749901804 0.09949844078072968 0.06794199980360816
0 0.101287885566629 0.29757495764913056 0.07444689234957577 0.11367213544042354
0 0.21544122069951926 0.3334084394005621 0.15681930135658934 0.08291301483072289
0 0.22094834593023194 0.24747093940056208 0.14147490360834275 0.07501415641946654
0 0.03131729970007354 0.30179430415653025 0.06263459940014708 0.15668179205628183
0 0.03365925335455883 0.1142670330792914 0.06731850670911765 0.147279520979043
0 0.1001130166574378 0.14516757513557327 0.07664044802510181 0.111342020979043
0 0.20983727251753398 0.07937492437344744 0.16100615360834275 0.07512778590796176
0 0.21718060071059392 0.15991639724608436 0.16619430135658933 0.08296755698520064