0 0.5877433344622809 0.75 0.1084985747398008 0.0578125
0 0.7036582615315023 0.740625 0.10664614767057934 0.0671875
0 0.9763223190855912 0.709375 0.04735536182881752 0.065625
0 0.8456853092475104 0.72265625 0.11384449400710617 0.05546875
0 0.28006138850986684 0.9015625 0.1084985747398008 0.0578125
0 0.09268421924256146 0.90390625 0.09414614767057934 0.0671875
0 0.35061847071289953 0.72734375 0.055356964608464045 0.13203125
0 0.2921099298942966 0.7140625 0.0591846494796016 0.115625
0 0.23195367989429663 0.7140625 0.05992163387576941 0.1296875
0 0.18055495420455608 0.7171875 0.06263387607385332 0.13671875
0 0.12463250282507513 0.7234375 0.05992163387576941 0.1296875
0 0.06772408355776974 0.72578125 0.057823545341158654 0.134375
0 0.054435110242878434 0.5765625 0.055479795341158655 0.134375
0 0.11031661804479456 0.56953125 0.0526004568065479 0.1390625
0 0.1660310295101838 0.57421875 0.05757788387576941 0.1296875
0 0.22425628731209996 0.5671875 0.07056588478028054 0.15390625
0 0.2842863845531379 0.5796875 0.0513721494796016 0.115625
0 0.3399631744672297 0.56875 0.05979880314307477 0.12734375
0 0.3959896879233553 0.28125 0.06719854534115868 0.134375
0 0.3915401260738533 0.13671875 0.06954229534115867 0.134375
0 0.3059478640880656 0.24765625 0.06563272331489127 0.14921875
0 0.20097043701884418 0.25703125 0.06460913387576941 0.1296875
0 0.14459760628614954 0.2546875 0.058355811849502046 0.14453125
0 0.09340359848423344 0.26171875 0.06485479534115868 0.134375
0 0.035427324173973936 0.25859375 0.04939689167768552 0.12265625
0 0.2447946008590826 0.109375 0.05770071460846404 0.13203125
0 0.19355964947960164 0.115625 0.05967597241038014 0.125
0 0.12896488297125824 0.10546875 0.06251104534115867 0.134375
0 0.07057585085908262 0.109375 0.06057673111680741 0.1421875
0 0.025713730212296265 0.11796875 0.04585581184950205 0.14453125