0 0.5047549743975124 0.7468092839630541 0.10883594468185845 0.05842609923787414
0 0.6217072559675435 0.7367570522116227 0.10703822625188941 0.06778746369925485
0 0.9172773612009806 0.7037980647046546 0.08663472099021767 0.06610678903121965
0 0.7657225664767697 0.7179565343558376 0.11416818678935066 0.056114165494652826
0 0.18030246401534308 0.900208036497137 0.10883594468185845 0.05842609923787414
0 0.019967534624390035 0.9036426295866911 0.03993506924878007 0.06771474082661796
0 0.27013705069175425 0.7255256781840764 0.05612744461127121 0.13231305113146802
0 0.213098095415965 0.7125807714700223 0.05985938936371686 0.11593407220870695
0 0.15294184541596498 0.7129307502945876 0.060678436718763475 0.12999657220870695
0 0.10119733489262128 0.716355732144215 0.06343171039628678 0.1370414577473266
0 0.04458331384593388 0.7229329850710812 0.060678436718763475 0.12999657220870695
0 0.008359703602657809 0.7256085331774873 0.016719407205315617 0.13467043667008766
0 0.009384892347488603 0.576421599434266 0.018769784694977205 0.13465680113146802
0 0.04729733212061101 0.5690630965073996 0.053411968288794576 0.139326120413309
0 0.10249306633559548 0.5734278887600732 0.058334686718763476 0.12998293667008767
0 0.1614963400131188 0.5660557502945875 0.07146401827467712 0.1542698643631848
0 0.22014329791974402 0.5782103166495622 0.0520468893637168 0.11588862041330898
0 0.27703033475144695 0.5669455637226959 0.06054192882625573 0.12765282220870694
0 0.3648690528990672 0.2790319523845733 0.067982702503779 0.13472497882456524
0 0.3764120396037132 0.13448252166641406 0.070326452503779 0.1347386143631847
0 0.2785444160250119 0.24595180767257166 0.0665035024896616 0.14955509328594588
0 0.17252963445498082 0.2559404069104459 0.06536593671876348 0.13002384328594588
0 0.11641614234748861 0.2539239098373121 0.05919923670464602 0.14482668667008758
0 0.06444411866996527 0.2612551416869395 0.06563895250377902 0.13471134328594586
0 0.01593498035696453 0.2584664849728854 0.03186996071392906 0.12290623487468944
0 0.23269213168297057 0.10798417506081848 0.05847119461127122 0.13232668667008757
0 0.18076561063628316 0.11453415691044588 0.06040542093374794 0.125309072208707
0 0.11729464483715017 0.1047506116327102 0.06329520250377901 0.13469770774732642
0 0.05847338168297056 0.10899775009819587 0.061406478812138274 0.14249657220870704
0 0.018004985548049208 0.11785512051150478 0.036009971096098416 0.14475396379745065