0 0.5484375 0.75 0.10546875 0.0578125
0 0.66484375 0.740625 0.103125 0.0671875
0 0.95859375 0.709375 0.0828125 0.065625
0 0.8078125 0.72265625 0.1109375 0.05546875
0 0.2328125 0.9015625 0.10546875 0.0578125
0 0.0453125 0.90390625 0.090625 0.0671875
0 0.3125 0.72734375 0.0484375 0.13203125
0 0.2546875 0.7140625 0.053125 0.115625
0 0.19453125 0.7140625 0.053125 0.1296875
0 0.14296875 0.7171875 0.05546875 0.13671875
0 0.08671875 0.7234375 0.053125 0.1296875
0 0.0296875 0.72578125 0.05078125 0.134375
0 0.02421875 0.5765625 0.0484375 0.134375
0 0.08046875 0.56953125 0.0453125 0.1390625
0 0.1359375 0.57421875 0.05078125 0.1296875
0 0.19453125 0.5671875 0.0625 0.15390625
0 0.25390625 0.5796875 0.0453125 0.115625
0 0.31015625 0.56875 0.053125 0.12734375
0 0.38125 0.28125 0.06015625 0.134375
0 0.384375 0.13671875 0.0625 0.134375
0 0.29296875 0.24765625 0.0578125 0.14921875
0 0.1875 0.25703125 0.0578125 0.1296875
0 0.13125 0.2546875 0.05078125 0.14453125
0 0.0796875 0.26171875 0.0578125 0.134375
0 0.021875 0.25859375 0.04296875 0.12265625
0 0.2390625 0.109375 0.05078125 0.13203125
0 0.1875 0.115625 0.053125 0.125
0 0.1234375 0.10546875 0.05546875 0.134375
0 0.06484375 0.109375 0.053125 0.1421875
0 0.01953125 0.11796875 0.03828125 0.14453125