0 0.8715419188810423 0.6383970361142615 0.12227830955489623 0.18721540219075053
0 0.7480888479269798 0.769781629459284 0.11931631050482654 0.16061199188232517
0 0.8634468637914583 0.12284021996163734 0.12422201605190963 0.1700688124991762
0 0.5609199694147917 0.042590063713696884 0.1554155050339931 0.06753019358660849
0 0.5768008489738194 0.12096052556424994 0.1845945119678472 0.07975350405718977
0 0.33988077080156254 0.04107460795222377 0.23208710780753475 0.07355409699517515
0 0.34700620583142383 0.21300415503012443 0.22031380642076392 0.0710057954530476
0 0.5609414192622918 0.21127187986632104 0.19151665919430555 0.07518873498246634
0 0.5823819677992711 0.2936440491032003 0.20078255642076392 0.07066487621616835
0 0.3456995853904516 0.2910746079522238 0.20318085780753475 0.07304953652459387
0 0.5889969501318406 0.37653836972005134 0.1867746078075349 0.0727631643656153
0 0.5706664838511809 0.46134006371369696 0.2138462540840626 0.09510181452777111
0 0.361744119109792 0.37647631980277685 0.2181882619678473 0.08033988514462206
0 0.3567494542159032 0.4638535888775003 0.19860246058107647 0.07765521590774291
0 0.35862238516170186 0.5443223388775003 0.17979790919430566 0.07498418344033872
0 0.5617837527528824 0.5494303989410445 0.2202592550339931 0.06866204545304769
0 0.5615129554501742 0.638451988632619 0.17739960780753491 0.0725995231319132
0 0.36465613924576445 0.6357967727248761 0.20636040919430557 0.07544783360249455
0 0.3486512391695145 0.7198581270269473 0.21328255642076394 0.07088306452777111
0 0.5652029595342367 0.7298855121715693 0.2030717550339931 0.06836203652459397
0 0.3359531770491674 0.811786528406919 0.20318085780753475 0.07304953652459396
0 0.5562474932535771 0.8148508473989169 0.19620415919430556 0.07527055559931739
0 0.5762891959508687 0.9042269930968458 0.19854790919430557 0.07531146590774292
0 0.344203394564098 0.8978331225627205 0.2156263064207639 0.07092397483619664
0 0.5827587079187161 0.9750586407249056 0.21306435087368064 0.0498827185501888
0 0.3577768917143064 0.9739068786518004 0.20599673328249998 0.052186242696399175