0 0.04659516983346815 0.2313357747567663 0.08534778127452379 0.19592220048646736
0 0.2257060083132702 0.2352442045469524 0.06745558762187223 0.17140344155801354
0 0.3086465404457238 0.2650623437520595 0.08880540188677948 0.2342443607948928
0 0.39973454169936506 0.25252934172346464 0.06893317108710946 0.22218469155801354
0 0.4809845416993651 0.251111117698047 0.08299567108710945 0.2224301534085667
0 0.5608084340192331 0.25440766721157965 0.07362067108710946 0.2222665121748646
0 0.18707804664742297 0.6806754813323137 0.15442673871722895 0.10108303327818291
0 0.20002197901730345 0.8031680900986116 0.1445061694377568 0.08216939204448082
0 0.20770174986698603 0.9327874062512358 0.15181020407749282 0.09166712296975739
0 0.551824856755695 0.6172485864484589 0.16145798871722902 0.10120576420345948
0 0.7478049464891384 0.6099195073101912 0.16373354255729494 0.09890292451188501
0 0.9309307174053281 0.6018637252498242 0.13813856518934386 0.10113758035608367
0 0.6420584340192331 0.252989443186162 0.07817177876724131 0.21766083279171564
0 0.7216550058059877 0.24847349269969463 0.08292747492717538 0.2200864034085667
0 0.8060300058059877 0.24700072159637626 0.07823997492717538 0.22000458279171564
0 0.8940612032195631 0.23686601664568205 0.08272288644737316 0.21305515340856668
0 0.9696503348178063 0.24249267938973956 0.06069933036438755 0.20816310186643916