0 0.042543678031498555 0.23179944584346973 0.08195107602640787 0.19499485831306052
0 0.22153174403245304 0.23778984972885353 0.06448176535645347 0.1706761143631847
0 0.3039266207033619 0.2685626058771736 0.08474026869827131 0.2332897438516799
0 0.3952056013685438 0.25709331987101597 0.06507265869668047 0.2214573643631847
0 0.4764556013685438 0.25662062119887585 0.07913515869668046 0.2215391775949013
0 0.5561976453691801 0.26084451288581534 0.06976015869668047 0.22148463544042354
0 0.1751418334261321 0.6826210815784809 0.152707924013363 0.09931926483072288
0 0.18594406810944952 0.8052227894240032 0.14311474801081764 0.0805147226762454
0 0.19135936879372145 0.9348875635263042 0.15025508601209037 0.0899306292921036
0 0.5408844647517232 0.6234581423743105 0.15973917401336307 0.09936017144658109
0 0.7369327614178597 0.6184110523098185 0.16205565201304478 0.09703005698520073
0 0.925965252705271 0.6126008929634856 0.148069494589458 0.09933744554888228
0 0.6374476453691802 0.26037181421367517 0.07439311469604419 0.21682440651766247
0 0.7170987827020893 0.25678320590061465 0.07910788669636233 0.2191954275949012
0 0.8014737827020892 0.2562923265103153 0.07442038669636233 0.21916815651766247
0 0.8896550353675894 0.24718497122231695 0.07902607069540793 0.2121641775949013
0 0.968289606510579 0.25374806772971664 0.0634207869788419 0.20740849990180416