0 0.6926967663488035 0.4804924047580867 0.19817219764227278 0.1491113040260897
0 0.8294314679082279 0.2525048594445858 0.10121096741393636 0.2416886080124085
0 0.828663510874415 0.061180425445540296 0.08076452174882993 0.10401588534372679
0 0.7448812792375658 0.9341642428787253 0.08213336216700924 0.1316715142425494
0 0.8322831201500367 0.9694139458843726 0.08486443133065044 0.06117210823125489
0 0.12862233748961094 0.4161437153484993 0.18996310821267653 0.12012323802513514
0 0.3254588923187961 0.2833419480426344 0.08430996889681105 0.24851986334340861
0 0.4216799763111848 0.2875851000556792 0.0954530573378241 0.272856792011454
0 0.5163385603035737 0.2918100707351787 0.10178397037968594 0.2557511080124085
0 0.540627519351734 0.8847289053648053 0.09164496642535305 0.23054218927038939
0 0.44359335186124793 0.8802613066915898 0.09118205140632507 0.23947738661682044
0 0.34365701885744243 0.8832692227084525 0.09474079152049333 0.19788406401177233
0 0.24671835186124805 0.8791158826782267 0.09118205140632511 0.24176823464354663