0 0.4625 0.6859375 0.13203125 0.11328125
0 0.46484375 0.571875 0.1515625 0.1203125
0 0.47578125 0.4625 0.15390625 0.13203125
0 0.4578125 0.38125 0.103125 0.084375
0 0.453125 0.29453125 0.165625 0.12265625
0 0.428125 0.2015625 0.134375 0.115625
0 0.44375 0.09609375 0.13671875 0.1203125
0 0.4375 0.02890625 0.15859375 0.053125
0 0.73046875 0.04453125 0.15390625 0.06953125
0 0.8921875 0.04296875 0.14453125 0.08203125
0 0.73828125 0.134375 0.15390625 0.08203125
0 0.89921875 0.13828125 0.14921875 0.0796875
0 0.89453125 0.22578125 0.14921875 0.071875
0 0.73828125 0.225 0.15859375 0.0796875
0 0.74375 0.31015625 0.1515625 0.08203125
0 0.89921875 0.3140625 0.15859375 0.07421875
0 0.91953125 0.4 0.13671875 0.06953125
0 0.7390625 0.4 0.15625 0.07421875
0 0.7390625 0.490625 0.1515625 0.071875
0 0.9046875 0.490625 0.1703125 0.071875
0 0.75625 0.57421875 0.15625 0.071875
0 0.91796875 0.578125 0.1390625 0.07421875
0 0.91484375 0.66015625 0.1515625 0.07421875
0 0.7484375 0.6625 0.1421875 0.07421875
0 0.75390625 0.75 0.146875 0.0671875
0 0.921875 0.74375 0.146875 0.07421875
0 0.91328125 0.83515625 0.15390625 0.0796875
0 0.7546875 0.834375 0.14921875 0.0765625
0 0.75625 0.9171875 0.146875 0.06953125
0 0.915625 0.91953125 0.16328125 0.06953125