0 0.13672985457649353 0.5703756116327102 0.19157121058107646 0.07532322862817349
0 0.28738185837621566 0.4632347564429077 0.10999651510197932 0.19514484923787417
0 0.2771827086812154 0.1257483919815271 0.11005106648875014 0.19748859923787418
0 0.11390276510197932 0.19389492486442678 0.21608090131052088 0.08796412919390764
0 0.11188958947451419 0.3759625363007452 0.20814111474138897 0.08244992739850954
0 0.12204779910566013 0.47669833450534715 0.21858830547083338 0.09500901473252696
0 0.8894561174942714 0.6160031489154141 0.2141190110179167 0.10435674365528805
0 0.5256332728888549 0.7962689284786639 0.09046461189159735 0.1614420149289188
0 0.7464451210096531 0.3128877601553408 0.10748911094166687 0.18809996369925486
0 0.8528042237831948 0.31695711573792684 0.09264470773128472 0.15442440046753828
0 0.9509871506449308 0.3054469231159109 0.0934811623284375 0.19036190046753826
0 0.7505650040840626 0.08705196800086311 0.09309930262104196 0.1739556504675382
0 0.8418621513105208 0.08439161807561786 0.08372430262104169 0.16878323615123572
0 0.9352127610179167 0.09938623485489294 0.10547266926229178 0.19877246970978588
0 0.6277042659550006 0.7839547599589491 0.09348116232843769 0.19036190046753826
0 0.7473985169049312 0.7566923023098185 0.10307436787552113 0.19979144262201592
0 0.8728726020110423 0.8434741639425287 0.1052544637152085 0.19277382816063532
0 0.9615713730516843 0.8139997665000527 0.07685725389663141 0.1880181504675381