0 0.659199309422495 0.2581706532463676 0.2115709205506892 0.10081925469445326
0 0.9375160615161819 0.24620426587368766 0.12496787696763612 0.11255563868554459
0 0.8715850589182919 0.10870481321614175 0.22764938861970413 0.09632265869668041
0 0.42845241795279926 0.11151547127627534 0.21424245248167448 0.10553402669477144
0 0.11584315730913752 0.11358923798536431 0.2227269418380128 0.10407152402927138
0 0.20670164817808506 0.5519517566438646 0.21794660668871887 0.09152607069540775
0 0.48656946463794554 0.5400944572724573 0.22546952958519667 0.09863913669636233
0 0.812913443350622 0.5331695585614594 0.1967271705506895 0.10064653202577159
0 0.9800814124226737 0.5294252985360061 0.039837175154652724 0.0875823633434086
0 0.9786070952310965 0.899901430537915 0.04278580953780704 0.09729371801399936
0 0.8090278807491593 0.8913184132320502 0.20108688861970414 0.09601357602640803
0 0.5860766998069099 0.8673285719287305 0.21058757475773363 0.08675675469445317
0 0.3510297104505716 0.87162736262732 0.21642231151618194 0.10321754869508978
0 0.13896139918649125 0.8467290019891823 0.16482160668871887 0.0909079053548627