0 0.640625 0.265625 0.2046875 0.0984375
0 0.93046875 0.25703125 0.1390625 0.1109375
0 0.86328125 0.11875 0.22109375 0.09375
0 0.4203125 0.11640625 0.20703125 0.103125
0 0.1078125 0.11484375 0.215625 0.1015625
0 0.16796875 0.55390625 0.21171875 0.0890625
0 0.4484375 0.5453125 0.21875 0.09609375
0 0.775 0.5421875 0.18984375 0.0984375
0 0.9625 0.540625 0.07421875 0.08671875
0 0.9484375 0.9109375 0.103125 0.09609375
0 0.74609375 0.9 0.19453125 0.09375
0 0.525 0.8734375 0.2046875 0.084375
0 0.28984375 0.875 0.209375 0.10078125
0 0.0796875 0.84765625 0.15859375 0.0890625