0 0.5591810945562479 0.7913587146812133 0.11483761606989855 0.2240829154946528
0 0.32018677840362375 0.796655789620395 0.12148703652459387 0.2022488221105112
0 0.19448734902047474 0.8020750635263042 0.11923874391092007 0.20770393657189173
0 0.07417484902047475 0.8027750211754346 0.11932056452777107 0.21239143657189175
0 0.8126826010523649 0.4085951698944571 0.11437396590774292 0.19752041549465288
0 0.5809689508902092 0.3833780430382405 0.09886201420345948 0.15915280708339646
0 0.46032521428288975 0.40986379586691085 0.10677965421934558 0.20997496369925467
0 0.3431553051922802 0.36679102761834237 0.10334496266133204 0.1474613281606354
0 0.23194111566286155 0.39634723829253504 0.10183305559931737 0.19510394262201594
0 0.11175134658813805 0.40407844594166564 0.11566768465815476 0.1373778010332723
0 0.10260857710967278 0.10410117183936467 0.11441487621616835 0.19986416549465286
0 0.22367505357072243 0.10265230132785988 0.12235010714144486 0.20530460265571976
0 0.33947733157389964 0.11131773243880257 0.11655407467404082 0.1881590510332723
0 0.45972164772652385 0.10671152478967201 0.10158759374876425 0.18104144262201594
0 0.5777313080349493 0.10836895267916087 0.11154897483619663 0.2146897347764936
0 0.6910398315738997 0.10927240164588858 0.09249896590774291 0.1973931504675382
0 0.8144909683433749 0.10933551327859878 0.12873647483619655 0.21478972872636942
0 0.9355847183433749 0.1086310104499284 0.10652055559931739 0.19513121369925476