0 0.5684309982176334 0.7977037853187866 0.11743886724704353 0.2240829154946528
0 0.32948215848419005 0.8002192103796052 0.12383361975432586 0.2022488221105113
0 0.2038373008040581 0.8041749364736959 0.12164899412750527 0.20770393657189173
0 0.08352480080405811 0.8034749788245653 0.12178538644737329 0.21239143657189175
0 0.8174940062016992 0.417967330105543 0.1166659774344577 0.19752041549465282
0 0.5854711163891135 0.3900594569617596 0.10070835682220221 0.15915280708339646
0 0.4651275241483878 0.41513620413308916 0.10921719028743926 0.20997496369925486
0 0.34744827916295273 0.3707089723816576 0.10505487602253201 0.1474613281606354
0 0.23657061513547234 0.39896526170746494 0.1040977812745238 0.19510394262201594
0 0.11646270361527442 0.40529655405833437 0.11725935932948461 0.1373778010332723
0 0.10382734514371963 0.10527382816063532 0.11673417359439187 0.19986416549465286
0 0.22487563103709696 0.10441583098930571 0.12475126207419392 0.20694086729005093
0 0.3407961477301444 0.11524476756119743 0.11873694279472176 0.1881590510332723
0 0.4609949874635877 0.11203847521032799 0.1036886043149197 0.18104144262201588
0 0.5790319336235218 0.11506854732083913 0.11404108260730723 0.2146897347764936
0 0.6923586477301444 0.11729009835411142 0.09479097743445788 0.1973931504675382
0 0.8158188797834558 0.11878948672140122 0.13122858260730733 0.21478972872636942
0 0.9369126297834558 0.1194939895500716 0.10878528127452398 0.19513121369925476