0 0.146875 0.39765625 0.10078125 0.2140625
0 0.1421875 0.6859375 0.09609375 0.2140625
0 0.375 0.66796875 0.08671875 0.21640625
0 0.46875 0.66328125 0.09609375 0.1921875
0 0.571875 0.6515625 0.09609375 0.178125
0 0.6765625 0.67890625 0.0984375 0.21875
0 0.790625 0.66953125 0.10078125 0.2234375
0 0.90625 0.6859375 0.10078125 0.23828125
0 0.90234375 0.29921875 0.103125 0.2234375
0 0.796875 0.3125 0.09375 0.196875
0 0.6875 0.29921875 0.09609375 0.2234375
0 0.5828125 0.30546875 0.0890625 0.1921875
0 0.46875 0.3015625 0.10078125 0.2140625
0 0.3640625 0.290625 0.09375 0.22109375