0 0.12603471901947816 0.39936529535327175 0.11199979025277598 0.2152351960136812
0 0.10623903889803894 0.6875920013526354 0.10731229025277597 0.21518065201304495
0 0.3399932411820311 0.6723322700509067 0.09806012098547061 0.21741531401177205
0 0.43398890264742035 0.6687356500636333 0.10616587008095948 0.19330565201304495
0 0.5377280563108935 0.6582168680776327 0.10542888568479185 0.17924315201304494
0 0.6409825310961228 0.6867787674251776 0.10990170171816516 0.2198954240133631
0 0.7555363540269013 0.6787310047739951 0.1124911131835546 0.2246101960136812
0 0.870301538898039 0.6964826734563581 0.11326904115728738 0.23945394601368122
0 0.8866623597926525 0.3097184701224943 0.1148348631835546 0.22463746801399936
0 0.7804975689740496 0.32177248010817683 0.10406778154634858 0.19796588001272664
0 0.6718186097926525 0.3072185367599957 0.10780361318355461 0.22455565201304487
0 0.5668035611721336 0.31225038741245087 0.09913462008095948 0.19322383601209037
0 0.45294577905995786 0.30701690006363347 0.11199979025277607 0.2152351960136812
0 0.34883148914586615 0.29486125071608865 0.10533703245085987 0.22218463001272665