0 0.13067174946852736 0.39936529535327175 0.10950362847863167 0.2152351960136812
0 0.11423768867066215 0.6875920013526354 0.10481612847863167 0.21518065201304495
0 0.34778235912689764 0.6723322700509067 0.09553662897292323 0.21741531401177205
0 0.4417233601154808 0.6687356500636333 0.1039247905319101 0.19330565201304495
0 0.5453258625869388 0.6582168680776327 0.10335178756616052 0.17924315201304494
0 0.6488991901535369 0.6867787674251776 0.10735087946721471 0.2198954240133631
0 0.7633436921307032 0.6787310047739951 0.10988563045579802 0.2246101960136812
0 0.8783001886706622 0.6964826734563581 0.1104904669196447 0.23945394601368122
0 0.890151520228774 0.3097184701224943 0.11222938045579803 0.22463746801399936
0 0.7841416007611217 0.32177248010817683 0.10177204152049342 0.19796588001272664
0 0.675307770228774 0.3072185367599957 0.10519813045579803 0.22455565201304487
0 0.5703656022439965 0.31225038741245087 0.0968935405319101 0.19322383601209037
0 0.45646226973448245 0.30701690006363347 0.10950362847863157 0.2152351960136812
0 0.3522204387078432 0.29486125071608865 0.10275887996150637 0.22218463001272665