0 0.71484375 0.765625 0.103125 0.19453125
0 0.8765625 0.7234375 0.0890625 0.2015625
0 0.87265625 0.92265625 0.0984375 0.1546875
0 0.728125 0.94921875 0.09140625 0.10078125
0 0.3890625 0.84609375 0.08671875 0.23046875
0 0.5328125 0.6578125 0.18046875 0.103125
0 0.2828125 0.83671875 0.0984375 0.23046875
0 0.165625 0.8546875 0.115625 0.2328125
0 0.053125 0.85 0.10546875 0.23828125
0 0.5046875 0.2765625 0.10546875 0.22109375
0 0.3953125 0.28515625 0.0984375 0.19921875
0 0.290625 0.28125 0.09609375 0.2015625
0 0.178125 0.27890625 0.1109375 0.22109375
0 0.0671875 0.275 0.09609375 0.209375
0 0.71875 0.1359375 0.09140625 0.2140625
0 0.821875 0.125 0.09140625 0.1921875
0 0.94375 0.11875 0.096875 0.2375