0 0.7460405781352518 0.7697838392789251 0.11105154102620177 0.19513121369925485
0 0.9060403192380033 0.7285371914436656 0.09727554250907637 0.2020806504675381
0 0.9102516112527882 0.9250515596174793 0.10474053262324468 0.14989688076504137
0 0.7668027001880928 0.9513991696640115 0.09551277125453836 0.09720166067197696
0 0.42353817843926295 0.8483572494108248 0.09610963193867268 0.23097326492891881
0 0.5596163053978388 0.6609123124461497 0.18467077174882984 0.10417493647369583
0 0.3169061764620967 0.8383641049934107 0.10782838193867281 0.23104144262201592
0 0.20045084691833215 0.8556510780624395 0.1251113824329643 0.23348518657189174
0 0.08775984592974898 0.850309072208707 0.1151779669196447 0.23889484923787413
0 0.5159565583264073 0.27949868598271654 0.11447762996150637 0.22170734923787422
0 0.4069317268054765 0.2874561108471433 0.1065550420147849 0.19979144262201592
0 0.30208505931499047 0.2829408067888089 0.10430679250907655 0.20212155708339646
0 0.1894895588206989 0.2799425509350765 0.11994637996150637 0.22173916549465283
0 0.0783928913302129 0.27539088544042356 0.10462512749004846 0.20993405708339646
0 0.7242890286689121 0.14011906517662415 0.10012862847863158 0.21459428600615765
0 0.8269683596955513 0.12978152887587893 0.0992372905319101 0.19271928600615765
0 0.94765625 0.1242405768840891 0.1046875 0.23806360226293627