0 0.6523463287590777 0.7531473559302195 0.1190044468254996 0.1963313035707225
0 0.8175088142152103 0.7081370446488593 0.10551590273485507 0.20311709172016937
0 0.7973404801168068 0.9074239784962351 0.11106453000581898 0.15640573295387128
0 0.6506409522370198 0.9365092808491415 0.09963295136742759 0.10237675202859506
0 0.3199964722408991 0.8393026388013652 0.10553174925109392 0.23198243141174393
0 0.4791157360358606 0.6485122232179341 0.18888677000387927 0.10627509374876425
0 0.21451174678670631 0.8317822394499885 0.11725049925109392 0.23218698295387127
0 0.09585747057390917 0.8517965048712639 0.13462931788754579 0.23483074188232536
0 0.023099923433223046 0.8490726996756883 0.04619984686644609 0.24012221387914812
0 0.4821119008986873 0.2677531469190402 0.12351647470528668 0.22293471387914793
0 0.37203539923169726 0.27825604464556397 0.1146995840984033 0.20093698295387147
0 0.2676667636257836 0.2761771217552368 0.11254715273485508 0.20323982264544593
0 0.15535808226223544 0.27579706655966124 0.12898522470528678 0.22303017126547414
0 0.050665943708917825 0.27382723782513535 0.10133188741783565 0.21105232264544593
0 0.7076535190857954 0.12339167208284363 0.1088800187959313 0.2156580020285949
0 0.8116713393892372 0.11065411851212117 0.10709437818904774 0.1937830020285949
0 0.9340565224197753 0.1109361310907276 0.1162619551604493 0.2218722621814552