0 0.6679510983524067 0.5106764839909268 0.18439058864033112 0.1064914153964569
0 0.7998541579050027 0.7011974657423583 0.10636079667571856 0.24112951492891882
0 0.8089413418536248 0.9442010145361353 0.08912588606495575 0.11159797092772941
0 0.9568548108451329 0.7529059323684792 0.0862903783097341 0.24108860831306042
0 0.8981660462166765 0.12626161913676265 0.09830918061464225 0.22858860831306052
0 0.8013388436413009 0.13584972169428658 0.10770002713088118 0.25753576492891883
0 0.6935104971250621 0.10632987245641237 0.10342724425012406 0.20519201492891875
0 0.5874198648531282 0.12679638767991874 0.10921472970625654 0.24739315046753818
0 0.48175979621667653 0.12383903844204455 0.10414459243335301 0.24267837939029935
0 0.38325852333785926 0.12248509582002862 0.12276704667571847 0.24122496369925478
0 0.2868459089437729 0.11801978873663214 0.09869181788754577 0.2332761083130605
0 0.1811220674285038 0.11428118949875794 0.1168678619781904 0.22635394262201589
0 0.06997727333785922 0.12066247882456527 0.12511079667571845 0.2412385992378742