0 0.5328125 0.63125 0.07421875 0.18046875
0 0.5203125 0.83984375 0.07421875 0.228125
0 0.3109375 0.946875 0.103125 0.10546875
0 0.2078125 0.9625 0.09375 0.07421875
0 0.24765625 0.7859375 0.178125 0.21640625
0 0.28125 0.5515625 0.134375 0.21875
0 0.71015625 0.771875 0.084375 0.2640625
0 0.80546875 0.7953125 0.0765625 0.20703125
0 0.8859375 0.7796875 0.07421875 0.2328125
0 0.96875 0.7828125 0.0625 0.2328125
0 0.959375 0.1671875 0.071875 0.25234375
0 0.86640625 0.1609375 0.0796875 0.259375
0 0.78125 0.19140625 0.08203125 0.228125
0 0.521875 0.1140625 0.08671875 0.228125
0 0.21171875 0.37890625 0.16796875 0.13671875
0 0.14296875 0.28984375 0.165625 0.15625
0 0.134375 0.1390625 0.16328125 0.16328125