0 0.5254672412476402 0.6219497232179341 0.07631869402449887 0.181764243100141
0 0.5105400332193234 0.8307616615295368 0.07687322469763487 0.22942049310014098
0 0.2999196118714605 0.9414475657488823 0.10435224001431749 0.10726880357072233
0 0.19661279853600602 0.9588726193196049 0.09461361334340865 0.07585516233702023
0 0.23851103922664127 0.7816146440763712 0.1806431146960441 0.21951543344033872
0 0.274831989258458 0.5466532629889388 0.13692038669636233 0.22109552434972918
0 0.7011746712285503 0.7594791765470704 0.08744764536918019 0.2655352711033185
0 0.7962144512253686 0.7812529906710998 0.07897152669477148 0.2083676534085665
0 0.876865014560823 0.7642234034151573 0.07692776869827114 0.234107993100141
0 0.9596411518937323 0.7659029058507892 0.06520901869827114 0.23390344155801374
0 0.9574295973106374 0.15044154708449126 0.07481128536758916 0.2535983327917156
0 0.8645335726448191 0.14581432265203648 0.08270560136854392 0.26076595048646733
0 0.779022786640683 0.17776948052483002 0.08468572469763487 0.22955686079489285
0 0.5205477626511825 0.10988623934822919 0.08937322469763487 0.21977247869645838
0 0.20730977661522965 0.3752106854722289 0.16955961668522637 0.13965065543716157
0 0.13959611262731997 0.2873482211860439 0.16744313335454447 0.15914099512873606
0 0.1327568613144554 0.13671697565027077 0.16518119935549896 0.16613133482031053