0 0.48482860721791354 0.3192422926103785 0.09918061223247854 0.2687830020285949
0 0.6230730341110107 0.8034417889569305 0.10571175705962901 0.25171823295387136
0 0.5288493241610231 0.9149433010333311 0.09190165815498563 0.17011339793333774
0 0.73260715848419 0.8108196866834543 0.10350439937949715 0.25636482264544613
0 0.8495673379510766 0.8050527021047298 0.10350439937949715 0.256364822645446
0 0.9636583008705651 0.8096192455291826 0.07268339825886976 0.2469216387980701
0 0.19526158583950562 0.9653322530437162 0.2692106527447093 0.06933549391256762
0 0.18371266890903132 0.8660495142034594 0.24867684389007838 0.1199069456152035
0 0.17389373653915086 0.7432841700476581 0.22721102084968256 0.13358761606989872
0 0.166522539587794 0.4362801935866084 0.22423077335696498 0.11167170576147316
0 0.1598596994586393 0.287801783278183 0.19960284639736087 0.09718646590774291
0 0.166705429862598 0.14736769805083533 0.22197795157021036 0.1147557954530476
0 0.6360799039983505 0.06966680681383802 0.20485864773014448 0.11679953652459385