0 0.3479093204953888 0.7026629543294808 0.0555555739539499 0.13701418667008766
0 0.4083656708582085 0.7116066831540462 0.06953622840045352 0.13475224990180407
0 0.4670685482628702 0.7150725716195317 0.06258682395394999 0.13705509328594587
0 0.5295412664117048 0.7146549359827166 0.05798116950744614 0.13937157220870694
0 0.588670729751216 0.707969119627742 0.06032491950744614 0.1393852077473266
0 0.6557218204953889 0.7044537550681655 0.06007938284695733 0.13235395774732642
0 0.7184673571558777 0.7118486194313502 0.05539188284695733 0.13232668667008768
0 0.7858185482628702 0.7169270048717739 0.06007938284695733 0.13235395774732642
0 0.8412054527093741 0.7149059626191002 0.06024307395394999 0.1370414577473264
0 0.8971280704953888 0.7058582155459665 0.058253988019100686 0.14718407220870694
0 0.9599554527093741 0.7155968299091512 0.05789932395394999 0.13702782220870696
0 0.9986582771266601 0.7159013569383184 0.00268344574667978 0.14233294574527394
0 0.8947793420949353 0.5714968510845859 0.12274058475372307 0.07023120764913067
0 0.9318130614248961 0.4912599052411162 0.12015129809323426 0.0631863221105112
0 0.5959946125133553 0.5150821828594585 0.10348464246560418 0.14510394262201592
0 0.8462351707733905 0.38922016138943627 0.05052333357259684 0.1494823704133089
0 0.7860789207733905 0.38887018256487094 0.06016122840045348 0.13469770774732642
0 0.7303745577966991 0.4041679296380047 0.06277779691210786 0.14252384328594586
0 0.6712078889222252 0.38742079117251904 0.05991569173996467 0.1276664577473264
0 0.5451364622432028 0.40074697208707005 0.06795637023308565 0.1566136143631846
0 0.4765501533501954 0.4050344962875669 0.06024307395394999 0.1370414577473264
0 0.41612108483854104 0.39687201746300155 0.0606795835725968 0.1495414577473264
0 0.35326642077339054 0.38635215309981685 0.064685037293461 0.13003747882456534
0 0.28850451632688684 0.3883186531980127 0.06501241950744614 0.13941247882456534
0 0.23378973447572138 0.38721924063022606 0.055910238019100514 0.14717043667008758
0 0.16795640335019538 0.4032391503693423 0.056562513246843915 0.09874657220870695
0 0.07679565689357444 0.1636948613381226 0.12031498920022679 0.06787382211051111
0 0.06975199400955022 0.07382838544042356 0.11303820253973795 0.060801665494652865