0 0.09518068979334555 0.02321076190385668 0.07445509933607006 0.04105679205628184
0 0.08619605435292196 0.09034826492891879 0.09164259933607007 0.041156786006157645
0 0.08895743998973726 0.15286644564707802 0.07445509933607006 0.041056792056281835
0 0.10347848224241085 0.20842155405833437 0.08461134933607006 0.04111587939029935
0 0.09849100039278347 0.25995678298109554 0.08462498487468947 0.04345962939029935
0 0.09587908479993475 0.3060368974424761 0.08931248487468949 0.04348690046753827
0 0.10342796438662583 0.3513948492378742 0.09634373487468947 0.04352780708339647
0 0.11639559699837901 0.40537836729005094 0.08929884933607006 0.04114315046753814
0 0.12233652478967201 0.4585397287263694 0.09164259933607007 0.04115678600615773
0 0.13286950381062904 0.5281346112399268 0.0799511204133089 0.0457761083130606
0 0.2195246212970717 0.5395766261688455 0.041156786006157645 0.09164259933607007
0 0.13537635939321502 0.634402791958086 0.04892837939029935 0.08465680113146803
0 0.1902745002945876 0.1956448189872532 0.05597326492891881 0.08704145774732641
0 0.2286597685431561 0.31227832796424365 0.03877212939029935 0.0845977137974506
0 0.34250007562655255 0.2168436289975159 0.04895565046753818 0.08934430113146818
0 0.40122615671405415 0.060148722283461756 0.06743748487468952 0.04335963544042356
0 0.4071761748644268 0.11174758371978022 0.07989657825883115 0.036401108313060516
0 0.45632168111094273 0.258913475210328 0.04119769262201593 0.09867384933607007
0 0.49617906664956213 0.2568015293668583 0.038826671544777015 0.0939727137974506
0 0.5383983829063408 0.25157821906200795 0.036428379390299345 0.08458407825883114
0 0.5766932684449602 0.24945718285945856 0.031654520979043 0.0697130571815924
0 0.6211790666495621 0.25752875809322767 0.03879940046753827 0.08928521379745061
0 0.6641432714700223 0.2585599929679171 0.03881303600615773 0.0916289637974506
0 0.7039597503927835 0.2634792971244474 0.036496557083396476 0.09630282825883114
0 0.7469421359314029 0.2613855319991369 0.036496557083396476 0.09630282825883123
0 0.7906557744950844 0.26789006205336624 0.03176815046753827 0.0892443071815924
0 0.875067135931403 0.26213094144366555 0.03646928600615738 0.09161532825883123
0 0.40860426025353663 0.8063106499765589 0.07211134933607007 0.04104315651766237
0 0.24103094087350002 0.7373646863755 0.0770079275949012 0.0770079275949012
0 0.2090355314289714 0.8653078791939077 0.0822948704133089 0.04578974385167989
0 0.006112081971264361 0.8734874969749379 0.012224163942528721 0.04072499394987581
0 0.0356393643924861 0.9338164637974506 0.0712787287849722 0.0512266775949012
0 0.23287703152716727 0.9302925297596417 0.11123293667008757 0.05142666549465282
0 0.385298049579344 0.9178975897699043 0.06978123487468953 0.043373270979042644
0 0.5392179351179635 0.9164492401392469 0.07450055113146821 0.04886929205628192
0 0.4528037121471306 0.8636009752103281 0.07993748487468952 0.0434323583130606
0 0.6239065525062102 0.8630338695295461 0.07448237041330899 0.04574429205628192
0 0.7017042995793441 0.9197383874835271 0.07678521379745078 0.03872667759490156
0 0.7622150735834492 0.8591508663080922 0.07682612041330898 0.0457579275949012
0 0.7594400524080144 0.798976435589933 0.07679884933607006 0.041070427594901204
0 0.9278537091220687 0.8577706943705319 0.07211134933607007 0.041043156517662285
0 0.9056378206565828 0.9162371793434172 0.07209771379745078 0.03869940651766228
0 0.23043537110068 0.40994821350286303 0.03878576492891881 0.08694146379745074
0 0.5621439133533535 0.4673486648072818 0.03881303600615773 0.0916289637974506
0 0.6043541392510525 0.4636878545024315 0.036428379390299345 0.08458407825883114
0 0.6465189133533535 0.46783954419758117 0.03878576492891881 0.0869414637974506
0 0.6824291422761146 0.4727361224564124 0.03415280708339648 0.09628919272021186
0 0.7269694826351942 0.4714326976901814 0.03648292154477702 0.09395907825883114
0 0.7699564133533535 0.46855768256487096 0.03646928600615773 0.09161532825883115
0 0.8137018681738137 0.46959346261910023 0.03648292154477702 0.09395907825883114
0 0.8527916392510526 0.4651332215960908 0.03416644262201594 0.09863294272021186
0 0.8949564133533535 0.4692849112912404 0.03646928600615773 0.09161532825883115
0 0.9410365278147342 0.4718968268840891 0.03649655708339665 0.09630282825883114
0 0.9800990278147342 0.47212408586107946 0.03415280708339665 0.09628919272021186