0 0.0953125 0.02265625 0.07421875 0.040625
0 0.08671875 0.08984375 0.09140625 0.040625
0 0.08984375 0.15234375 0.07421875 0.040625
0 0.1046875 0.2078125 0.084375 0.040625
0 0.1 0.259375 0.084375 0.04296875
0 0.09765625 0.30546875 0.0890625 0.04296875
0 0.10546875 0.35078125 0.09609375 0.04296875
0 0.11875 0.4046875 0.0890625 0.040625
0 0.125 0.4578125 0.09140625 0.040625
0 0.1359375 0.52734375 0.0796875 0.0453125
0 0.22265625 0.53828125 0.040625 0.09140625
0 0.1390625 0.63359375 0.0484375 0.084375
0 0.19140625 0.19453125 0.05546875 0.08671875
0 0.23046875 0.3109375 0.03828125 0.084375
0 0.34375 0.21484375 0.0484375 0.0890625
0 0.4015625 0.0578125 0.0671875 0.04296875
0 0.4078125 0.109375 0.0796875 0.0359375
0 0.4578125 0.25625 0.040625 0.0984375
0 0.49765625 0.25390625 0.03828125 0.09375
0 0.53984375 0.2484375 0.0359375 0.084375
0 0.578125 0.24609375 0.03125 0.06953125
0 0.62265625 0.25390625 0.03828125 0.0890625
0 0.665625 0.2546875 0.03828125 0.09140625
0 0.70546875 0.259375 0.0359375 0.09609375
0 0.7484375 0.25703125 0.0359375 0.09609375
0 0.7921875 0.26328125 0.03125 0.0890625
0 0.8765625 0.25703125 0.0359375 0.09140625
0 0.41328125 0.80390625 0.071875 0.040625
0 0.2453125 0.7359375 0.0765625 0.0765625
0 0.2140625 0.8640625 0.08203125 0.0453125
0 0.00859375 0.8734375 0.0171875 0.040625
0 0.03828125 0.93359375 0.0765625 0.05078125
0 0.23828125 0.92890625 0.1109375 0.05078125
0 0.390625 0.915625 0.06953125 0.04296875
0 0.54453125 0.91328125 0.07421875 0.0484375
0 0.4578125 0.8609375 0.0796875 0.04296875
0 0.62890625 0.859375 0.07421875 0.0453125
0 0.70703125 0.915625 0.0765625 0.03828125
0 0.7671875 0.8546875 0.0765625 0.0453125
0 0.7640625 0.79453125 0.0765625 0.040625
0 0.9328125 0.85234375 0.071875 0.040625
0 0.9109375 0.9109375 0.071875 0.03828125
0 0.2328125 0.40859375 0.03828125 0.08671875
0 0.56484375 0.4640625 0.03828125 0.09140625
0 0.60703125 0.46015625 0.0359375 0.084375
0 0.64921875 0.4640625 0.03828125 0.08671875
0 0.68515625 0.46875 0.03359375 0.09609375
0 0.7296875 0.4671875 0.0359375 0.09375
0 0.77265625 0.4640625 0.0359375 0.09140625
0 0.81640625 0.46484375 0.0359375 0.09375
0 0.85546875 0.46015625 0.03359375 0.0984375
0 0.89765625 0.4640625 0.0359375 0.09140625
0 0.94375 0.46640625 0.0359375 0.09609375
0 0.9828125 0.46640625 0.03359375 0.09609375