0 0.06153708889812361 0.36875 0.11769417737631771 0.05078125
0 0.06118160323257964 0.30078125 0.1099771778706093 0.053125
0 0.009520909334674789 0.134375 0.019041818669349578 0.1296875
0 0.1215010434232976 0.584375 0.060371108706968137 0.1203125
0 0.18087604342329758 0.584375 0.05353085969555131 0.125
0 0.14740955779493467 0.12109375 0.060848611178426104 0.13203125
0 0.21000505828922625 0.11875 0.060848611178426104 0.13203125
0 0.26922089079874023 0.12265625 0.06309686068413445 0.1296875
0 0.3231271407987403 0.12265625 0.06075311068413445 0.1296875
0 0.38302872281396266 0.12890625 0.060848611178426104 0.13203125
0 0.49940313931586555 0.1296875 0.05860036167271758 0.134375
0 0.5596867233082543 0.1265625 0.058504861178426106 0.13203125
0 0.6158093893158656 0.1296875 0.060944111672717585 0.134375
0 0.6759656393158655 0.1296875 0.060944111672717585 0.134375
0 0.7351496383272823 0.134375 0.05333985870696818 0.1203125
0 0.794029889810157 0.12734375 0.050596860684134624 0.1296875
0 0.23832112889856116 0.57421875 0.05802735870696818 0.1203125
0 0.3066718808757275 0.56484375 0.05723152125453827 0.10078125
0 0.36856704441188076 0.5796875 0.057836357718384954 0.115625
0 0.4220594589366172 0.58984375 0.06046660920125983 0.12265625
0 0.4830287924347144 0.5890625 0.058218359695551315 0.125
0 0.542499292929006 0.58671875 0.060562109695551314 0.125
0 0.6030866244499369 0.5953125 0.05774085722409339 0.11328125
0 0.7198430429290059 0.58671875 0.06524960969555131 0.125
0 0.26571798114255757 0.8796875 0.06075311068413445 0.1296875
0 0.3285681496216267 0.87109375 0.06065761018984288 0.12734375
0 0.38772031513494637 0.8765625 0.05831386018984288 0.12734375
0 0.439841230648266 0.88203125 0.05860036167271758 0.134375
0 0.49990198015397436 0.884375 0.058409360684134624 0.1296875
0 0.5643464821311408 0.875 0.050596860684134624 0.1296875
0 0.6250929811425576 0.8796875 0.05860036167271758 0.134375
0 0.681134734108307 0.865625 0.06309686068413463 0.1296875
0 0.7415310646406548 0.87890625 0.05657494665368965 0.1421875
0 0.8040947316368492 0.87734375 0.056065610684134626 0.1296875
0 0.8659726491273352 0.8734375 0.05869586216700924 0.13671875
0 0.9217769801539746 0.884375 0.05625661167271758 0.134375