0 0.5660094147759477 0.4703125 0.08550862621616843 0.19921875
0 0.6371911193229001 0.6890625 0.0797944143656153 0.18515625
0 0.7239371428618504 0.6875 0.07991714529089186 0.1921875
0 0.8162746473260774 0.67890625 0.09263533360249454 0.2046875
0 0.9241007840955525 0.678125 0.07757339529089151 0.1921875
0 0.31324728450258954 0.85234375 0.17170345048646735 0.0796875
0 0.3185603015487181 0.95078125 0.16232845048646735 0.0796875
0 0.31733831534514056 0.61796875 0.19135743141174383 0.08671875
0 0.30821450568533815 0.5140625 0.1647131107948928 0.08203125
0 0.3006941063339613 0.4078125 0.1553790211033183 0.084375
0 0.3056327966741589 0.30390625 0.13801424310014115 0.07421875
0 0.3223856944006827 0.19453125 0.16713868141174384 0.08671875
0 0.33585963352306425 0.04921875 0.1844489123370204 0.09375
0 0.6011028039777596 0.07109375 0.07201314204448081 0.1421875