0 0.35078125 0.9640625 0.178125 0.071875
0 0.3546875 0.64296875 0.165625 0.084375
0 0.365625 0.53125 0.16796875 0.09140625
0 0.35546875 0.415625 0.1734375 0.08671875
0 0.35546875 0.30625 0.15859375 0.084375
0 0.34375 0.1828125 0.16328125 0.09140625
0 0.34375 0.06875 0.16796875 0.0890625
0 0.7046875 0.58046875 0.16328125 0.0890625
0 0.70078125 0.46640625 0.1703125 0.10078125
0 0.6921875 0.35078125 0.14453125 0.09140625
0 0.70078125 0.23828125 0.15625 0.10078125
0 0.68984375 0.12265625 0.15390625 0.09140625
0 0.6984375 0.02265625 0.15625 0.0453125