0 0.31377637734268027 0.33203125 0.16801186559769077 0.08203125
0 0.5044013773426803 0.33203125 0.18051186559769086 0.08203125
0 0.7271258235026143 0.3296875 0.16346075791755882 0.08671875
0 0.9077620580632081 0.35078125 0.1606850989046432 0.071875
0 0.8216643998417155 0.0609375 0.16352895407749274 0.0890625
0 0.18273434817972753 0.70078125 0.16339256175762476 0.084375
0 0.3673677609535667 0.71875 0.09934208511458972 0.1921875
0 0.31901987450619335 0.93046875 0.16607729255729495 0.09609375
0 0.5516134141604944 0.96484375 0.1653044027447093 0.06953125
0 0.7264315577340037 0.97109375 0.1360571719450391 0.0578125
0 0.8518156541313646 0.87734375 0.1659409002374268 0.09140625
0 0.9333708456724452 0.67890625 0.07505513895465583 0.18984375
0 0.8436862200456243 0.6734375 0.07223401583511731 0.1734375
0 0.762291467538342 0.6515625 0.07237040815498563 0.178125
0 0.6820811303121811 0.66953125 0.0771261043149197 0.18046875
0 0.5852144904995955 0.69609375 0.0775352812745238 0.19453125
0 0.49146449049959556 0.69609375 0.07669419530200425 0.165625