0 0.4625 0.66796875 0.1421875 0.071875
0 0.4671875 0.5984375 0.12734375 0.0625
0 0.46484375 0.521875 0.13203125 0.0578125
0 0.4578125 0.1390625 0.146875 0.0625
0 0.74375 0.15234375 0.12734375 0.06953125
0 0.759375 0.5515625 0.125 0.06953125
0 0.72734375 0.87890625 0.06484375 0.165625
0 0.7921875 0.83515625 0.05078125 0.1515625
0 0.865625 0.80390625 0.053125 0.15625
0 0.92578125 0.86640625 0.053125 0.15625
0 0.98203125 0.859375 0.0359375 0.1609375
0 0.97421875 0.44765625 0.0515625 0.1609375
0 0.91796875 0.44375 0.04296875 0.12265625
0 0.85546875 0.43046875 0.0625 0.16796875
0 0.85 0.2359375 0.05546875 0.134375
0 0.9109375 0.25703125 0.0578125 0.16328125
0 0.96484375 0.2640625 0.06015625 0.178125