0 0.4352823591268976 0.6706594962875668 0.14511618182494207 0.07270222267624504
0 0.44280304045754804 0.6011555173648058 0.12989042984777566 0.06324086426498887
0 0.44357897327107326 0.5245793818261862 0.13438692885919248 0.058580635342227794
0 0.4521461373386992 0.14172597521032798 0.14942167984777566 0.06335449375348405
0 0.7375424678710468 0.15667076092189802 0.13017693133065045 0.07027211426498887
0 0.7369005503433798 0.5559804145126942 0.12783318133065044 0.07025847872636941
0 0.6915310646406547 0.883137812151562 0.0715924515966055 0.16600224990180407
0 0.7581574905340978 0.8397650620533661 0.056956948630855916 0.15185793667008757
0 0.8328683304579855 0.8089423089301082 0.05949169961943923 0.15655907220870696
0 0.8904779006102099 0.8717922877546735 0.05949169961943923 0.15655907220870696
0 0.9470144020930846 0.8650882906815397 0.042495200608022546 0.16114657825883114
0 0.9559781555903069 0.4533240888861417 0.058120200608022185 0.16123748184962744
0 0.8998873230807927 0.4490905859592754 0.047966609201260016 0.12290623487468952
0 0.8379284925484451 0.4354457215960907 0.06934420209089716 0.1683323643631848
0 0.840386283574647 0.24088265533931205 0.060944111672717585 0.13469770774732642
0 0.9004642791260226 0.2623309293434171 0.06446570110231384 0.16361759328594586
0 0.9540840276431478 0.269675796731664 0.06741428756616089 0.17847497882456526