0 0.49727514959809105 0.9515041246021848 0.1335950564207639 0.06872382268458992
0 0.687118899598091 0.9492950925764132 0.1197507619678472 0.07793519068268111
0 0.8542518482113202 0.9450059398870507 0.13125130642076394 0.06869655068427179
0 0.9757265883581863 0.9418980265356879 0.04854682328362756 0.07034031934277252
0 0.2676603847804522 0.9573017806333652 0.13141496058107638 0.07572780068427179
0 0.131450127846598 0.9471648066518188 0.10463425503399311 0.06604371801399936
0 0.03642856857604247 0.9607738679980911 0.029797909194305618 0.07220226400381798
0 0.20771646143409778 0.6649511959739103 0.06646406743868072 0.17103975334181776
0 0.10797103457236168 0.6770523013208187 0.0689896553945835 0.1788795253421359
0 0.15304126633625031 0.36394322664704637 0.06608220773128486 0.15463350334181775
0 0.08639862699357667 0.3545596833227278 0.06373845773128486 0.15460623134149962
0 0.03080259042444474 0.3497363706635911 0.049276567438680696 0.17083975867281787
0 0.34726339181121557 0.3483984006206385 0.06166746466513899 0.1662977093411814
0 0.45483950246854193 0.3369876386060028 0.09951230357097245 0.14799315201304478
0 0.658419097358299 0.354155315245095 0.06368390634451408 0.1522624813414996
0 0.8605446418112155 0.3424258325509598 0.05943281743868063 0.17095793734086326
0 0.9750003266051909 0.1050792792011879 0.04999934678961822 0.1661886213399088
0 0.022586127659166778 0.13102273333068196 0.041699803570972346 0.14732044267186342
0 0.078654289703264 0.12255570532304591 0.07327711189159736 0.1617465693427723
0 0.14498780452090287 0.11865799864736452 0.061722016051909856 0.16864145934118144
0 0.213029289703264 0.12099211063813768 0.054527111891597355 0.16152839334022695
0 0.3397372600679862 0.12576942262095664 0.06117650218420145 0.14520395934118144
0 0.40438098831649316 0.11642114727882069 0.05654355357097227 0.14749316534054513
0 0.466935539703264 0.11803764393700292 0.056979964665138993 0.16624316534054512
0 0.5317247383164931 0.11493936859486693 0.05676175911805572 0.15686816534054512
0 0.5951332748856251 0.11967177458627642 0.058996406344514085 0.1522079373408633
0 0.6589593855429514 0.10877008991091319 0.06166746466513899 0.16629770934118143
0 0.7198241503605903 0.10493601790264084 0.059832860941666864 0.1881454373408633
0 0.7886468855429515 0.10726103922664128 0.061449259118055724 0.15692270934118144
0 0.8534724517473613 0.10572526388450532 0.05681631050482636 0.15921191534054513
0 0.9157906137914583 0.09718551054268752 0.05223791327836835 0.1638448713399088