0 0.94140625 0.87109375 0.0453125 0.11796875
0 0.32109375 0.8578125 0.05078125 0.115625
0 0.37109375 0.8703125 0.0453125 0.115625
0 0.42421875 0.86875 0.05078125 0.12265625
0 0.4796875 0.86328125 0.05078125 0.1203125
0 0.5421875 0.87109375 0.05078125 0.11796875
0 0.6 0.865625 0.0453125 0.1203125
0 0.6609375 0.8578125 0.053125 0.1203125
0 0.71640625 0.86171875 0.0484375 0.11796875
0 0.7703125 0.86875 0.05546875 0.13203125
0 0.828125 0.8703125 0.05078125 0.125
0 0.8859375 0.88203125 0.05078125 0.125
0 0.79453125 0.5953125 0.0453125 0.1078125
0 0.73828125 0.5984375 0.0484375 0.1203125
0 0.6859375 0.59765625 0.05078125 0.1078125
0 0.63125 0.5953125 0.05546875 0.11796875
0 0.56875 0.5953125 0.05546875 0.11796875
0 0.50625 0.5890625 0.05078125 0.115625
0 0.44921875 0.59609375 0.0484375 0.115625
0 0.396875 0.584375 0.0484375 0.09140625
0 0.28515625 0.5953125 0.05546875 0.11796875
0 0.225 0.58671875 0.05078125 0.1109375
0 0.171875 0.59609375 0.05546875 0.115625
0 0.2640625 0.72109375 0.1109375 0.053125
0 0.01796875 0.90234375 0.0359375 0.11796875
0 0.10078125 0.4078125 0.09609375 0.05078125
0 0.09375 0.33984375 0.10546875 0.05078125
0 0.02734375 0.2203125 0.0546875 0.115625
0 0.17890625 0.18046875 0.05078125 0.10078125
0 0.2328125 0.18046875 0.0484375 0.115625
0 0.29921875 0.18046875 0.05546875 0.115625
0 0.353125 0.18359375 0.053125 0.11796875
0 0.40390625 0.17578125 0.0578125 0.1109375
0 0.45703125 0.1859375 0.053125 0.11796875
0 0.51171875 0.17578125 0.053125 0.125
0 0.6265625 0.18515625 0.05546875 0.125
0 0.68125 0.17578125 0.0453125 0.1203125
0 0.7390625 0.178125 0.05078125 0.125
0 0.7953125 0.17890625 0.04296875 0.12265625
0 0.89765625 0.0984375 0.103125 0.0671875