0 0.1421875 0.44140625 0.09140625 0.06484375
0 0.03828125 0.44453125 0.0765625 0.0625
0 0.03828125 0.75625 0.0765625 0.06015625
0 0.15234375 0.7640625 0.12734375 0.0625
0 0.13203125 0.9640625 0.125 0.0578125
0 0.025 0.971875 0.05 0.05625
0 0.3578125 0.96171875 0.125 0.0671875
0 0.49296875 0.959375 0.10078125 0.0671875
0 0.62109375 0.96484375 0.103125 0.06484375
0 0.78359375 0.9546875 0.115625 0.0765625
0 0.98671875 0.94453125 0.0265625 0.0671875
0 0.8328125 0.44921875 0.103125 0.0625
0 0.65859375 0.44453125 0.1203125 0.0671875
0 0.9890625 0.2296875 0.021875 0.1609375