0 0.12162867349259528 0.44057902732375476 0.09442639619489307 0.06537553600615773
0 0.028656808210250358 0.4443085362025494 0.057313616420500715 0.06294542759490121
0 0.021370250673776386 0.7560272862025494 0.04274050134755277 0.060601677594901204
0 0.11675696712523573 0.7631761899897372 0.1302547342842343 0.06324086426498887
0 0.087129317415686 0.9632943646577722 0.12769266046291672 0.05853972872636959
0 0.0030220686540310656 0.9717295542547262 0.006044137308062131 0.05654089149054755
0 0.31301972932634475 0.9596370577707674 0.12812930810555184 0.06791472872636958
0 0.4482851412370035 0.9565069917103806 0.1039105581055519 0.06777382816063522
0 0.5761554301121331 0.961230332265852 0.10614514619489306 0.06544371369925486
0 0.7391284650583211 0.9501286849215717 0.11919095574818712 0.07723518657189174
0 0.9427265000045093 0.9387906882412214 0.02969180810555159 0.0673420361043533
0 0.811889800457066 0.4443735886105637 0.10603598428423418 0.06309996369925486
0 0.6378893742783835 0.4406996636479411 0.12344180810555194 0.06788745764913066
0 0.978364632755439 0.22393330270260198 0.029370784531903383 0.16106476502711464