0 0.217301624699261 0.4263732380251352 0.0948398259347277 0.046376108012408504
0 0.21994229524004835 0.48182380669158975 0.12181672303029831 0.05215394068268111
0 0.2656593821724382 0.6010010680299077 0.10715057178554285 0.05432496801399935
0 0.25572919773420366 0.665672095361226 0.09700597717948316 0.044059630012726815
0 0.25234501122137676 0.734322098026726 0.10462922303029831 0.05195394601368122
0 0.24271174732392958 0.8544164220241808 0.05737663734730827 0.1185323713399086
0 0.29780198902555977 0.8706686780314985 0.059187591081574634 0.11152839334022709
0 0.1907716616409396 0.9209403033497721 0.06405268983681922 0.11392668734086335
0 0.2956968825966454 0.9753187206794994 0.06953217261537983 0.049362558641001184
0 0.5676418149602875 0.9190810954009969 0.0667758707505687 0.14986418734086335
0 0.6487473371561044 0.7842072034134053 0.09291047303029813 0.05181758601209054
0 0.7719955830069195 0.7934469380967227 0.1018710759347277 0.046457924013363086
0 0.6681144890255599 0.874977654081769 0.0439294439860042 0.10588692067154533
0 0.7163510794824346 0.8934918440881322 0.04503000269929238 0.0895079426718631
0 0.7615451803122715 0.8924566027609501 0.05684384108157481 0.1115011213399086
0 0.8078165290675161 0.895336702100541 0.0571990385920639 0.1161886213399086
0 0.861438436536049 0.8819105487746313 0.047042788592063546 0.1160704426718631
0 0.9078398398553968 0.8762059887809948 0.04956413734730845 0.1184414646721816
0 0.9545847852912935 0.8853360881205854 0.05407403859206354 0.11615225867281787
0 0.9872320105908713 0.8796406187937216 0.025535978818257376 0.12318350867281821
0 0.38992659897895915 0.6648919400461343 0.059187591081574634 0.1115283933402269
0 0.19639067054078735 0.057705054026089705 0.15828701929603187 0.0596033613542263
0 0.4020854861025528 0.12488510538667937 0.04250865394404783 0.08713692067154524
0 0.449670881123531 0.1348055453930427 0.057554236102552815 0.12087612133990877
0 0.417310512247062 0.2640021493873157 0.056997206433558746 0.082622143340227
0 0.4661740647365729 0.2598873613939972 0.05060549647551511 0.10128123667249973
0 0.5139011697155947 0.25107598273390597 0.04556279896502602 0.09653919267186346
0 0.5030918790489386 0.13932996073358783 0.050427897720270565 0.09893748667249973
0 0.5492089398368192 0.1195719914067239 0.0517302885920639 0.11612498667249974
0 0.6000493894219007 0.12094413474695084 0.050427897720270565 0.09893748667249973
0 0.6456578873473082 0.12537764341976876 0.0517302885920639 0.11612498667249974
0 0.44521682760833486 0.6116765807208611 0.051138292741248745 0.10831248667249974
0 0.433756341505782 0.491336808720543 0.051138292741248745 0.10831248667249974
0 0.48344868818643405 0.4981595207272245 0.049386538592063725 0.11609771467218159
0 0.4934058738740685 0.6192623613939972 0.050783095230759655 0.10362498667249972
0 0.5484485713845575 0.6245862080680877 0.05348204274124857 0.10833975867281787
0 0.5359700369416786 0.5011123454009969 0.0533044439860042 0.10599600867281786
0 0.584585135696923 0.5040197167409056 0.053718841081574806 0.11146475867281787
0 0.6325490390162709 0.4983333380808144 0.048794542741248746 0.10828521467218159
0 0.6792464402610265 0.4965350280871778 0.04645079274124875 0.10825794267186346
0 0.7264766377715156 0.5017679680935412 0.04956413734730827 0.1184414646721816
0 0.7721084464848038 0.4859071580999045 0.051138292741248745 0.10831248667249974
0 0.5986261701398019 0.627511760741542 0.05348204274124875 0.10833975867281787
0 0.6454419705547205 0.6272759507479053 0.04556279896502602 0.09653919267186346
0 0.6918433738740685 0.6215713907542687 0.05348204274124875 0.10833975867281787
0 0.7401032751188239 0.6197912620941775 0.05348204274124875 0.10833975867281787
0 0.7874635271934164 0.6164395427673135 0.0533044439860042 0.10599600867281786
0 0.5612022222051057 0.24694301340704206 0.052085486102552814 0.12081248667249973
0 0.6106577705454317 0.2506407254137236 0.054251637347308444 0.11849600867281788
0 0.6601249742796981 0.24419127808717783 0.056251845230759656 0.10368862133990878
0 0.7062662684708393 0.2556560367599957 0.052440683613041904 0.12549998667249973
0 0.6937993894219007 0.12203501475967755 0.04722038734730845 0.11841419267186337
0 0.7450066919114116 0.11794749876667723 0.048439345230759656 0.1035977146721816
0 0.7937401898368192 0.122417370106586 0.04903134108157481 0.1114102146721816
0 0.7555675288438015 0.23671568010022268 0.05684384108157481 0.11150112133990878
0 0.8031645792587199 0.23648896077335874 0.046450792741248484 0.10825794267186337
0 0.8519097325780679 0.23081167278004022 0.048616943986004205 0.1059414646721816
0 0.8381054964755151 0.1104446287794039 0.049031341081574455 0.11141021467218155
0 0.8873717906666563 0.1219457501193127 0.04808414772027021 0.09891021467218156
0 0.9337731939860042 0.11624119012567605 0.05137509108157445 0.11143748667249972
0 0.9859626560186403 0.23249344613299386 0.02807468796271948 0.11141021467218157
0 0.952738526769209 0.24291277812694873 0.0507830952307593 0.10362498667249972
0 0.9008208292587199 0.23762529411994898 0.0484393452307593 0.10359771467218157
0 0.8413697771934163 0.6170667987746314 0.0509606939860042 0.10596873667249973
0 0.8874043276083349 0.6168218981142221 0.051138292741248745 0.10831248667249974
0 0.8745589402610264 0.49880769478035847 0.04879454274124839 0.10828521467218159
0 0.9264999485593963 0.4838008601209035 0.05294924647551511 0.10130850867281786
0 0.9714793239160638 0.49995311879372145 0.05704135216787236 0.1232471433402269
0 0.9806839367808593 0.626561072127585 0.03863212643828149 0.09659373667249974
0 0.9369190755337424 0.6213008601209035 0.049386538592063545 0.11609771467218159