0 0.19997029518282736 0.4274506643656153 0.09298859736759484 0.04690800202859489
0 0.20034480661557277 0.482892140826665 0.11974207032575282 0.05284040219075052
0 0.24121039799271776 0.602283068991998 0.10498016587924912 0.054925053570722325
0 0.2286310416394483 0.6668677203719697 0.09525050181409851 0.04460516233702041
0 0.22243809454200597 0.7354677159077428 0.1025545703257528 0.05254039326229698
0 0.20788949962148187 0.8554529334403387 0.052557059525979624 0.11881422970746058
0 0.2623413866447904 0.8720188705341254 0.054655272865490725 0.11182389001588575
0 0.15320448882170865 0.9216449492686515 0.05942461841898705 0.1142494606327368
0 0.25589546840328864 0.9758687991064956 0.06742560217691818 0.04826240178700871
0 0.5303299840123852 0.9219815089251584 0.06067958357259666 0.15018696063273715
0 0.6169891919096008 0.7876395109537533 0.0908358203257528 0.05233584172016954
0 0.739918260421255 0.7975929837613551 0.10001984736759476 0.04703073295387128
0 0.6326538866447905 0.878482699265356 0.03962054990733286 0.10609604139585756
0 0.6801563692215952 0.8972696554338662 0.041391381032858734 0.08973070170428343
0 0.7254143055192644 0.8964980880634261 0.0523115228654909 0.11178297970746058
0 0.7715899010727607 0.8996464074624612 0.05247521397248338 0.11647047970746058
0 0.825786327751783 0.8865384813257229 0.042318963972483206 0.11629320170428344
0 0.8724430729424595 0.8811066874942333 0.04474455952597971 0.11867786201270895
0 0.9188369233052793 0.8905050068932683 0.0493502139724832 0.11641593262956
0 0.9662749184959558 0.8850868498312536 0.04959575063297237 0.12344718262955964
0 0.36292419608595206 0.666869494721699 0.054655272865490725 0.11182389001588611
0 0.19412451143274537 0.058823395290891825 0.15592510698624168 0.06049894358660848
0 0.3971701550794759 0.1271717950460105 0.03896578547936249 0.08734604139585782
0 0.444372537293461 0.13736500121452072 0.05263890507947586 0.12115797970746053
0 0.40671382458692207 0.26631611566286156 0.053645844372369925 0.08291764001588611
0 0.4557688834799295 0.2624877321397972 0.0464881088003402 0.1015312723211343
0 0.5038790012659444 0.25395821184725775 0.04163691769334754 0.09676195170428334
0 0.49763394654928816 0.14219855153883226 0.04640626324684387 0.09918752232113434
0 0.544580868418987 0.12271789447681762 0.047006463972483384 0.11637502232113435
0 0.5953894002701524 0.12438553449270369 0.04640626324684405 0.09918752232113434
0 0.6408383095259796 0.12908271712226355 0.047006463972483384 0.11637502232113435
0 0.42041674835553755 0.6139996392018119 0.04673364546082901 0.10856252232113447
0 0.4138715932760616 0.4936462288933864 0.04673364546082901 0.10856252232113447
0 0.463308598085385 0.5007553453703221 0.04466271397248338 0.11633411201270896
0 0.4683185350160263 0.6218627321397973 0.046569954353836526 0.10387502232113448
0 0.5231697261230189 0.6275048060030591 0.04907739546082901 0.10860343262955982
0 0.5157341936388813 0.5040127589251584 0.04899554990733286 0.10625968262955983
0 0.5642535391923775 0.507201988632619 0.049186522865490724 0.11172843262956
0 0.6124727843830542 0.5017974683400795 0.04438989546082901 0.10852161201270878
0 0.6592659388295579 0.5002719245085897 0.04204614546082901 0.10848070170428326
0 0.7063046299365505 0.5057776306770999 0.04474455952597971 0.11867786201270877
0 0.7526067110620764 0.49018958684561015 0.04673364546082901 0.10856252232113431
0 0.5732515716765152 0.63072130924947 0.04907739546082901 0.10860343262955982
0 0.6200992898253498 0.6307582654179802 0.04163691769334772 0.09676195170428344
0 0.6667560350160263 0.6253264715864904 0.04907739546082901 0.10860343262955982
0 0.71511168946253 0.6238282012939509 0.04907739546082901 0.10860343262956
0 0.7626315302067029 0.6207537942319363 0.04899554990733286 0.10625968262955983
0 0.5513715601589518 0.2501025547852431 0.04717015507947586 0.12106252232113432
0 0.6006994375636134 0.2540866712621789 0.04943205952597971 0.11875968262955983
0 0.6504539009031246 0.24792817450858973 0.052038704353836354 0.10397047970746058
0 0.6961483468194407 0.2596566071381496 0.04733384618646852 0.1257500223211343
0 0.6891394002701524 0.12602194682972406 0.04240080952597971 0.11863695170428334
0 0.7405382091631599 0.1222344736150853 0.044226204353836354 0.10383411201270883
0 0.7891121184189871 0.12698620332254584 0.0444990228654909 0.11164661201270883
0 0.746247550540305 0.24101174715403567 0.05231152286549072 0.11178297970746057
0 0.7938765186891394 0.24106234009202102 0.04204614546082901 0.10848070170428334
0 0.8428770138798161 0.23567145656895674 0.04430804990733286 0.1061778620127088
0 0.8339881088003402 0.11527713595210569 0.0444990228654909 0.11164661201270887
0 0.8828075547166563 0.12706011565956624 0.04406251324684405 0.09914661201270886
0 0.9294642999073328 0.12162832182807644 0.0468427728654909 0.11168752232113435
0 0.9825793762235353 0.23819425892186316 0.03484124755292939 0.11164661201270887
0 0.9432589597961322 0.2483544630617785 0.04656995435383635 0.10387502232113432
0 0.8915327686891394 0.24276693627641724 0.044226204353836354 0.1038341120127088
0 0.8165377802067029 0.6216947313257231 0.046651799907332855 0.10621877232113448
0 0.8626042483555375 0.621718050724758 0.04673364546082901 0.10856252232113431
0 0.8545784388295579 0.5036811168773822 0.04438989546082901 0.10852161201270896
0 0.9071578018062493 0.4889834172016938 0.0488318588003402 0.10157218262955983
0 0.953015938829558 0.5053993498312537 0.05506450063297237 0.12354264001588611
0 0.9917776830495717 0.4991863059997638 0.016444633900856688 0.09425456047058134
0 0.9613418487183573 0.6320300336786294 0.0463244176933479 0.09684377232113447
0 0.9947048979078998 0.6195397163081894 0.010590204184200402 0.1114556972400564
0 0.9119594076113646 0.6264834172016938 0.044662713972483205 0.11633411201270896