0 0.14207716456256791 0.5035897186903171 0.08578371298449658 0.1813323633434088
0 0.15504274367847853 0.24026301535645347 0.08045466532853504 0.20781304734245412
0 0.11545080120893107 0.8214857433561352 0.08298938001107463 0.17427384134309057
0 0.08843081894610302 0.985847140674727 0.06752746144333713 0.02830571865054594
0 0.4051071792174209 0.9710544840268852 0.14619268198597285 0.057891031946229535
0 0.40370297039497743 0.8740953120623608 0.13040699568106345 0.08582950668363551
0 0.41583962986341644 0.7335066747294516 0.15646884793281682 0.07832608935390813
0 0.41082955968992085 0.6286828147278609 0.14789488433001133 0.09071700135263541
0 0.4116677737541516 0.46919872672658813 0.14257632865448536 0.09299711668522637
0 0.40897117520302606 0.3526742980585428 0.16634449568106327 0.08624767735518084
0 0.40466201187707584 0.2369129380569519 0.16195738433001133 0.09088063335454448
0 0.4102587746770022 0.12517600672340648 0.1688384400055373 0.08861869935549897
0 0.4306597146825396 0.038629979392088204 0.1628993206349208 0.06903290535486264
0 0.1748207248615724 0.05363517202418071 0.06910855027685518 0.1038522533418178
0 0.7433902521594684 0.05086908676794989 0.14212574568106326 0.08596586668522643
0 0.8942716317091175 0.05106108545508531 0.13958173658176493 0.08281359468490826
0 0.9049309245847172 0.16533267079085792 0.13245035703211555 0.08116927868395374
0 0.7320942018826132 0.15393954276731353 0.14212574568106326 0.08596586668522646
0 0.7207981516057579 0.25700999876667724 0.14212574568106326 0.08596586668522636
0 0.8813851981819851 0.264351426121858 0.16225777297895902 0.09556813335454448
0 0.8849328979051301 0.36759460478990347 0.12776285703211557 0.08111473468331738
0 0.7275709808785521 0.3587270401018135 0.15023863433001133 0.09074427335295362
0 0.7111869124030996 0.4679929521005408 0.13963180135658923 0.08359484468490823
0 0.8630498010520476 0.46506904145444905 0.1352446900055373 0.08822780068427179
0 0.8428596121262444 0.5727270001193127 0.14197555135658924 0.08362211668522654
0 0.7079536860003677 0.5672480647676317 0.11868824568106326 0.08569314668204467
0 0.7032883675249153 0.6766503367679498 0.13788882865448535 0.0929425726845901
0 0.8503135618493891 0.6760156321212217 0.13788882865448535 0.0929425726845901
0 0.8520484376984108 0.7831468794557217 0.14963785703211546 0.08136927335295371
0 0.6986731138242874 0.785271358768268 0.14227594000553728 0.08830961668522655
0 0.6831401465208542 0.8812560207669954 0.13693759793281668 0.07809882268458992
0 0.8330900817460295 0.8837826787873582 0.1447698843300113 0.09068063868554468
0 0.8292758644425963 0.9743129407224519 0.1429675524363237 0.05137411855509626
0 0.6816196144425962 0.9734311460454979 0.1507800524363235 0.053137707909004205