0 0.484375 0.25390625 0.19453125 0.146875
0 0.47109375 0.43125 0.1109375 0.18515625
0 0.82109375 0.509375 0.1078125 0.2359375
0 0.94609375 0.49375 0.0984375 0.1703125
0 0.5484375 0.0296875 0.196875 0.059375
0 0.04296875 0.0703125 0.0859375 0.121875
0 0.22734375 0.2046875 0.15625 0.21640625
0 0.13671875 0.43515625 0.125 0.23046875
0 0.28359375 0.8296875 0.1921875 0.28828125
0 0.125 0.85078125 0.125 0.2359375
0 0.02265625 0.68515625 0.0453125 0.08671875
0 0.03125 0.5296875 0.0625 0.12265625
0 0.0296875 0.38515625 0.059375 0.1078125
0 0.0421875 0.24375 0.084375 0.11328125