0 0.4695866449783245 0.2510882386853185 0.2030857445971538 0.14800674970541242
0 0.4459762977785696 0.4285092567374953 0.12172162350811408 0.18580166549465282
0 0.7914260346949772 0.504598016303661 0.12155429451244917 0.2365647347764936
0 0.9173360873116957 0.4882457875772914 0.10835707352223167 0.17088519262201593
0 0.5467084000282348 0.02837848829253505 0.20033319994353035 0.0567569765850701
0 0.04269573421498445 0.0700625151253105 0.0853914684299689 0.12237496974937898
0 0.21542206072098774 0.20336485275391564 0.1688542287415511 0.21731528590796173
0 0.11137378462439003 0.43436084358053345 0.1384232760965977 0.2311959787263694
0 0.23526995605224812 0.8280375998270493 0.20897797077845617 0.28939936416679296
0 0.07544763501967819 0.8500540212736306 0.1387417945124492 0.23666472872636923
0 0.003966044384143998 0.6850244397933455 0.007932088768287996 0.08698237041330899
0 0.01761058640693162 0.5295056928184076 0.03522117281386324 0.1230198643631848
0 0.020040942262784 0.38498353317748724 0.040081884525568 0.10815793364502549
0 0.03673855995739804 0.24350456030485032 0.07347711991479608 0.11377212939029935