0 0.6974769748615725 0.049646706823970564 0.09098355027685515 0.09929341364794113
0 0.6893676789036538 0.23496274805509243 0.116082482262828 0.16623859923787415
0 0.935050418724621 0.21557135685913226 0.1109443992894061 0.1591800781606353
0 0.6676827321151697 0.7317786607210749 0.11484015730897053 0.18341246369925485
0 0.6266712985880375 0.9452189920049683 0.10255210595238111 0.10134030708339666
0 0.838388851024361 0.8830724742473791 0.20944365360834283 0.0754095870394302
0 0.8205121337209278 0.9792344019404762 0.19653384099298635 0.03238174970541223
0 0.008968024949242122 0.9200943313820892 0.017936049898484244 0.07230679205628192
0 0.027822202925432728 0.821565927791293 0.055644405850865455 0.07717609923787414
0 0.02508430675756649 0.7208210392276115 0.05016861351513298 0.08257667154477702
0 0.008769718540050932 0.6107784187161067 0.017539437080101864 0.06281816256778665