0 0.4125 0.1578125 0.07421875 0.1515625
0 0.290625 0.9828125 0.125 0.03359375
0 0.05078125 0.978125 0.09140625 0.04296875
0 0.084375 0.90234375 0.14921875 0.0984375
0 0.26328125 0.90234375 0.15625 0.09375
0 0.25625 0.79296875 0.18046875 0.09140625
0 0.26328125 0.6875 0.1703125 0.08671875
0 0.27421875 0.578125 0.16328125 0.0984375
0 0.27421875 0.4625 0.16796875 0.084375
0 0.2875 0.3578125 0.18046875 0.08671875
0 0.2640625 0.25 0.16796875 0.10078125
0 0.27265625 0.13828125 0.1703125 0.07421875
0 0.271875 0.040625 0.15625 0.08125
0 0.10234375 0.03125 0.12734375 0.0625
0 0.10234375 0.13828125 0.15625 0.11328125
0 0.09609375 0.2453125 0.14921875 0.1109375
0 0.10234375 0.359375 0.165625 0.09375
0 0.0953125 0.47109375 0.1609375 0.09140625
0 0.0890625 0.5765625 0.16796875 0.09140625
0 0.0921875 0.68125 0.1421875 0.09375
0 0.084375 0.7859375 0.15390625 0.08203125
0 0.68984375 0.8015625 0.10546875 0.0890625
0 0.71875 0.696875 0.15390625 0.09140625
0 0.72265625 0.5953125 0.165625 0.09375
0 0.728125 0.4859375 0.16328125 0.10078125
0 0.72265625 0.9234375 0.18515625 0.1109375
0 0.71171875 0.3734375 0.15859375 0.09375
0 0.71484375 0.265625 0.17578125 0.1078125
0 0.71484375 0.15 0.165625 0.1078125
0 0.7015625 0.04453125 0.134375 0.084375
0 0.88671875 0.04453125 0.16796875 0.0890625
0 0.9015625 0.15234375 0.16328125 0.1078125
0 0.89921875 0.27421875 0.1734375 0.10546875
0 0.8953125 0.38125 0.1609375 0.0984375
0 0.9046875 0.49140625 0.1609375 0.0984375
0 0.9 0.6046875 0.15625 0.0890625
0 0.9 0.709375 0.165625 0.09609375
0 0.90625 0.81015625 0.15390625 0.08671875
0 0.9015625 0.9125 0.14921875 0.11796875