0 0.03923857087390699 0.15104433199395484 0.07340527286549077 0.1117465693427723
0 0.11899799274360587 0.1704204933163644 0.0733259165122213 0.17656304734245415
0 0.1969593016366133 0.17419892663909217 0.07616073983319897 0.19065281934277228
0 0.27960811052962076 0.1779228159611836 0.09285716651222131 0.17679031401177223
0 0.36946178421341813 0.15423022994909324 0.08242809800056702 0.16885963534372678
0 0.445887874957591 0.15724559460536644 0.10255954872620646 0.18627440201304485
0 0.5411730931064256 0.1569177832590943 0.09492809800056712 0.16900508601209036
0 0.6198437301297341 0.14038371658182208 0.07684029691210785 0.14302384134309049
0 0.7064979927436059 0.16358431190327719 0.08052085761921379 0.18133236334340866
0 0.7867484879342824 0.16889797322568678 0.09746282095872498 0.1745011080124085
0 0.8754935294040948 0.15458947788036914 0.09015875244707061 0.166606792011454
0 0.9637747794040947 0.15356223253505152 0.06644843393541641 0.15852157200827235
0 0.954883385124392 0.3410895045353697 0.07079119355406327 0.1710670253421359
0 0.8783754488267228 0.3404178898790965 0.07506946578658216 0.15940281934277226
0 0.7928645347615724 0.3515650225573232 0.09209327467958932 0.15491531401177222
0 0.7106695936545797 0.3572070425684591 0.081091287293461 0.13057838534372673
0 0.6327454902965352 0.33000019991250407 0.08748762023308565 0.15720452001113577
0 0.5407936032732266 0.3466888079249125 0.07741321578658181 0.15943009134309047
0 0.45245778957089566 0.34927855327023016 0.0800025024470706 0.16648861334340861
0 0.3675197943802192 0.3440194359484569 0.07741321578658181 0.15943009134309047
0 0.28254459365457973 0.3621887279599109 0.08242809800056694 0.16885963534372675
0 0.192782689208076 0.360890404638774 0.06569446578658185 0.15929373134149963
0 0.1137673118034143 0.364933561982819 0.07046381134007818 0.16169202534213598
0 0.033206825683230405 0.37291024132718215 0.06641365136646081 0.16635225334181775
0 0.05038252681998545 0.6024250186585004 0.1007650536399709 0.08811871268299924
0 0.4930827564537859 0.5947995912635486 0.17611112141421187 0.07858062802354446
0 0.4891368117185963 0.6854336819303214 0.14897570253973794 0.06186529535327186
0 0.8419443531884084 0.6680525412158236 0.1759474303072195 0.07389312802354446
0 0.9475941524627691 0.6840037105347333 0.062033752447070614 0.16627952800763596
0 0.7070385851322413 0.774267273233641 0.09100448983319893 0.1908255420114541
0 0.6141144751507748 0.7964337219128221 0.08833335761921397 0.18142327001113578
0 0.0357334587406513 0.8024795626591367 0.0714669174813026 0.17439202001113605
0 0.10826377923445869 0.8132528833147734 0.08193702467958927 0.15479713534372683
0 0.19243044810893267 0.7958739319700923 0.08923116950744614 0.1400442920114539
0 0.27539671553212786 0.8128699806254109 0.09067710761921388 0.1814505420114539
0 0.37617796553212784 0.8116972846117297 0.09067710761921388 0.1814505420114539