0 0.05159038688926817 0.1513034247662309 0.07469824710451586 0.111342020979043
0 0.13300520678164432 0.1711477712736306 0.07537464329940895 0.17617213544042354
0 0.21134853060296188 0.1753807533196497 0.07837336476336168 0.190248270979043
0 0.2943793544242794 0.17958646428842995 0.09490589329940899 0.17628576492891881
0 0.3823866226212445 0.15641206382089173 0.08438577026387968 0.16841417759490124
0 0.45913105913900926 0.15987288622599047 0.104717540942044 0.18571530708339648
0 0.554479946442562 0.16009962432213382 0.09688577026387968 0.16848690046753817
0 0.6318772003715035 0.14402010636815293 0.07849748924663302 0.1426056565176624
0 0.7205052067816442 0.16772979625969434 0.08262421712072658 0.18090054205628184
0 0.8012650552100677 0.17351164276709402 0.09948423138875029 0.17396928600615763
0 0.888927721049668 0.1597167874790956 0.09208910835322079 0.16611587939029934
0 0.971532551695411 0.15920318219109722 0.056934896609178054 0.1581670240041051
0 0.9736050414075507 0.34671681772971663 0.05278991718489863 0.17068974990180408
0 0.906962899295265 0.3455997453246179 0.0769178726212445 0.158998270979043
0 0.8222796842414531 0.356251419894457 0.09388704879992682 0.1544107649289188
0 0.7404667580627706 0.361416163746137 0.08260279238978611 0.1301329275949012
0 0.6602505651348652 0.33375022687965766 0.08930871071058562 0.15672724385167988
0 0.5695720612059237 0.3499070128858153 0.0792616226212445 0.15901190651766245
0 0.48136358581302974 0.3519831181738137 0.0819328583532208 0.16605679205628174
0 0.3959162373846062 0.3462285427436529 0.0792616226212445 0.15901190651766237
0 0.31234175806277065 0.36390692213395226 0.08438577026387968 0.1684141775949012
0 0.22238884615211188 0.36208586778103025 0.06754287262124452 0.15894372882456526
0 0.14362814536632357 0.36566993091455097 0.0723395345319033 0.16131474990180408
0 0.06270563109829992 0.3731738795866911 0.07021410835322088 0.16598861436318463
0 0.08824724834286095 0.6027750211754347 0.1243514906943751 0.08741870764913066
0 0.5420443364322022 0.5977905218628058 0.17700345574818713 0.07757152985783762
0 0.545484013644342 0.6884200670423455 0.14967682237357546 0.06101074375348396
0 0.8972091794839422 0.6730889410698918 0.17678513192686934 0.07288402985783762
0 0.9861388229927481 0.6896582966524777 0.027722354014503736 0.16595225292686636
0 0.7708350781600345 0.7785400312325796 0.09321711476336177 0.19033462939029952
0 0.6796300353559637 0.8001701124182772 0.09043671712072658 0.1809459938516799
0 0.0928748980524107 0.8028022922526736 0.09010923138875018 0.17391474385167988
0 0.17467070760570463 0.8140483435805335 0.083730798799927 0.1543516775949012
0 0.2575003242310931 0.7971557593697739 0.0908519400324213 0.13955337939029952
0 0.34193098221281054 0.8146381751590145 0.09278046712072659 0.18095962939029925
0 0.4427122322128104 0.8140518469983788 0.09278046712072655 0.18095962939029925