0 0.04453125 0.1515625 0.06953125 0.1109375
0 0.125 0.171875 0.0671875 0.17578125
0 0.203125 0.1765625 0.06953125 0.18984375
0 0.2859375 0.18125 0.08671875 0.17578125
0 0.375 0.15859375 0.0765625 0.16796875
0 0.4515625 0.1625 0.09609375 0.18515625
0 0.546875 0.16328125 0.0890625 0.16796875
0 0.625 0.14765625 0.071875 0.1421875
0 0.7125 0.171875 0.07421875 0.18046875
0 0.79296875 0.178125 0.09140625 0.1734375
0 0.88125 0.16484375 0.084375 0.165625
0 0.96953125 0.16484375 0.0609375 0.1578125
0 0.9671875 0.35234375 0.06484375 0.1703125
0 0.890625 0.35078125 0.06953125 0.15859375
0 0.80546875 0.3609375 0.08671875 0.15390625
0 0.7234375 0.365625 0.0765625 0.1296875
0 0.64453125 0.3375 0.08203125 0.15625
0 0.553125 0.353125 0.071875 0.15859375
0 0.46484375 0.3546875 0.07421875 0.165625
0 0.3796875 0.3484375 0.071875 0.15859375
0 0.2953125 0.365625 0.0765625 0.16796875
0 0.20546875 0.36328125 0.06015625 0.15859375
0 0.1265625 0.36640625 0.06484375 0.1609375
0 0.0453125 0.3734375 0.0625 0.165625
0 0.06015625 0.603125 0.1203125 0.08671875
0 0.5140625 0.60078125 0.1734375 0.0765625
0 0.51328125 0.69140625 0.146875 0.06015625
0 0.865625 0.678125 0.1734375 0.071875
0 0.971875 0.6953125 0.05625 0.165625
0 0.734375 0.7828125 0.084375 0.18984375
0 0.6421875 0.80390625 0.08203125 0.18046875
0 0.05546875 0.803125 0.08203125 0.1734375
0 0.13671875 0.81484375 0.0765625 0.15390625
0 0.2203125 0.7984375 0.084375 0.1390625
0 0.30390625 0.81640625 0.084375 0.18046875
0 0.4046875 0.81640625 0.084375 0.18046875