0 0.41800451281422324 0.912820624223938 0.21908848960843982 0.07312037919390768
0 0.6969653931360542 0.9104167451282261 0.22900979282674855 0.08098742134838517
0 0.6992323695029421 0.8221582210259252 0.20157320767745474 0.06833288524403187
0 0.4039909253191409 0.8340280037124332 0.23315098960843983 0.07320219242562409
0 0.44275813039870543 0.748680856171761 0.2515403566887189 0.0904896863754999
0 0.6978280426515215 0.7417303776417835 0.23604104282674854 0.08102832796424372
0 0.7078528886965787 0.6542076517440845 0.23685514381548423 0.05916696350286301
0 0.43457927966207127 0.6534547145830175 0.24096348960843983 0.07324764422102223
0 0.45047171345431236 0.571364377249 0.2264475215394251 0.07784878580976588
0 0.6870812028106507 0.5715496878484381 0.23369729282674853 0.08101469242562409
0 0.698941700464862 0.4801116215916593 0.2508847928267485 0.0811146863754999
0 0.693106599728228 0.38487184446429623 0.24799473960843982 0.07328855083688061
0 0.44288807844090455 0.38945130191703503 0.2429794576774547 0.0685737797596417
0 0.436895168533877 0.4863217567374953 0.2551898805739324 0.07567320745273882
0 0.46328769577328516 0.2987444886853185 0.24815863057393237 0.07563230083688052
0 0.7248425548077926 0.29956560353948253 0.21963479282674853 0.08093287919390768
0 0.7238752705310189 0.2128877601553408 0.23298709864294728 0.07085844242562418
0 0.4756016614965114 0.21198937724900002 0.25050238057393237 0.07564593637549999
0 0.44405636657607594 0.12705129586691086 0.16160377153942496 0.07747153590796177
0 0.6917672468979068 0.12482922395279146 0.22862738057393237 0.07551867134838533
0 0.6831513535866257 0.03585308236404782 0.2282995986429473 0.07083117134838533
0 0.46407357165564056 0.0418132326351943 0.18097113057393238 0.07524141539645698
0 0.012151894648663421 0.9739551295866911 0.024303789297326843 0.05208974082661797