0 0.4325626732575035 0.55859375 0.20561474801081764 0.0796875
0 0.6739689232575035 0.55859375 0.2025442920114539 0.084375
0 0.05807393996659245 0.5375 0.1161478799331849 0.090625
0 0.04545425610679821 0.9203125 0.09090851221359642 0.0765625
0 0.2197144912078694 0.92421875 0.21264599801081766 0.0796875
0 0.44435086453696043 0.95546875 0.21035679201145396 0.084375
0 0.7279173425366423 0.9578125 0.2103567920114539 0.084375
0 0.9333042765356879 0.96484375 0.11174656934277252 0.06953125
0 0.7507426979630927 0.271875 0.2246101960136812 0.10078125
0 0.966613145965956 0.25078125 0.062082924013363086 0.0984375
0 0.9260983286521369 0.10703125 0.14634883601209053 0.0890625
0 0.6322483313176371 0.115625 0.2440323580124085 0.09140625
0 0.11997614532940928 0.10703125 0.23995229065881857 0.0984375
0 0.19632791796627427 0.2484375 0.20812213001272667 0.09375
0 0.4501341706317743 0.25703125 0.2198136080124085 0.09140625
0 0.022918784651500698 0.26171875 0.045837569303001396 0.0765625