0 0.4399633445624921 0.78515625 0.19270565046753826 0.0890625
0 0.700074142767094 0.79296875 0.16847326492891881 0.08671875
0 0.12743607348525327 0.78984375 0.19739315046753822 0.0890625
0 0.2608132175098838 0.42421875 0.09022152078265125 0.19921875
0 0.14520185304850322 0.421875 0.09962833703942993 0.2046875
0 0.03737335038692318 0.415625 0.07474670077384636 0.20703125
0 0.6403825428418488 0.44453125 0.09029424365528822 0.21171875
0 0.7498075398167867 0.4359375 0.08319027078265115 0.19921875
0 0.8545132205349459 0.4328125 0.09026697257804947 0.20703125
0 0.9528052747896719 0.4578125 0.08553402078265152 0.19921875
0 0.954636982144215 0.14296875 0.08087833703942984 0.2046875
0 0.8514756207078964 0.14921875 0.08077834308955403 0.1875
0 0.7452892532214538 0.13828125 0.08087833703942984 0.2046875
0 0.6570216387600732 0.1359375 0.08553402078265115 0.19921875
0 0.434419930914551 0.1265625 0.08322208703942983 0.2046875
0 0.33122675322145384 0.13828125 0.08790958703942993 0.2046875
0 0.23828072911915288 0.134375 0.08091924365528821 0.21171875
0 0.14604323214421497 0.14296875 0.07747153590796177 0.15625
0 0.0444551182427082 0.12109375 0.0889102364854164 0.18984375