0 0.2953125 0.5796875 0.08203125 0.20703125
0 0.45078125 0.69375 0.1515625 0.09375
0 0.57421875 0.50390625 0.0671875 0.2234375
0 0.665625 0.5203125 0.0765625 0.2234375
0 0.76328125 0.50859375 0.07421875 0.21875
0 0.8546875 0.515625 0.07421875 0.21875
0 0.9484375 0.515625 0.084375 0.2234375
0 0.15390625 0.6203125 0.071875 0.2015625
0 0.2859375 0.3296875 0.0765625 0.22109375
0 0.15859375 0.38359375 0.08203125 0.2140625
0 0.08203125 0.1625 0.16328125 0.0984375
0 0.0890625 0.05390625 0.16796875 0.09375
0 0.47265625 0.98046875 0.0796875 0.03359375
0 0.5625 0.984375 0.071875 0.03125
0 0.65546875 0.98515625 0.0578125 0.0296875
0 0.74296875 0.9828125 0.071875 0.03359375