0 0.05390625 0.71875 0.07421875 0.20703125
0 0.1453125 0.71875 0.07421875 0.1921875
0 0.23203125 0.72578125 0.06953125 0.1921875
0 0.32109375 0.728125 0.07421875 0.196875
0 0.4171875 0.72265625 0.07421875 0.18984375
0 0.50390625 0.728125 0.06484375 0.196875
0 0.6203125 0.571875 0.14921875 0.08203125
0 0.76796875 0.6625 0.07421875 0.1703125
0 0.775 0.865625 0.06953125 0.1875
0 0.940625 0.97734375 0.11875 0.0453125
0 0.9 0.81875 0.084375 0.18515625
0 0.9 0.6234375 0.07421875 0.18046875
0 0.59375 0.2359375 0.071875 0.2015625
0 0.50703125 0.24765625 0.0671875 0.1734375
0 0.41953125 0.240625 0.07421875 0.1828125
0 0.32578125 0.23203125 0.06953125 0.2140625
0 0.23671875 0.2328125 0.06953125 0.178125
0 0.1546875 0.22578125 0.07421875 0.1875
0 0.05625 0.22734375 0.07421875 0.17578125
0 0.77734375 0.1140625 0.07421875 0.18515625
0 0.8609375 0.103125 0.0578125 0.1734375
0 0.959375 0.10078125 0.0765625 0.1921875