0 0.07421875 0.65859375 0.071875 0.1921875
0 0.18046875 0.66796875 0.09609375 0.1921875
0 0.27421875 0.66796875 0.0765625 0.1875
0 0.37109375 0.67890625 0.0796875 0.2140625
0 0.46640625 0.67578125 0.0765625 0.20703125
0 0.5609375 0.6828125 0.07421875 0.1921875
0 0.65625 0.6734375 0.09140625 0.22109375
0 0.859375 0.52890625 0.0796875 0.2015625
0 0.94609375 0.515625 0.07421875 0.2140625
0 0.9546875 0.25234375 0.0765625 0.22109375
0 0.84609375 0.2765625 0.071875 0.2453125
0 0.66484375 0.3125 0.06953125 0.1921875
0 0.46640625 0.31484375 0.08671875 0.20703125
0 0.375 0.30625 0.08671875 0.2234375
0 0.28359375 0.2859375 0.08203125 0.22109375
0 0.1734375 0.303125 0.0765625 0.22578125
0 0.0828125 0.2875 0.0796875 0.21875