0 0.06875 0.7875 0.13671875 0.11328125
0 0.06875 0.28984375 0.06484375 0.2140625
0 0.15234375 0.30859375 0.06015625 0.271875
0 0.23828125 0.3078125 0.0625 0.259375
0 0.31953125 0.30859375 0.0671875 0.26171875
0 0.40859375 0.30625 0.0671875 0.26171875
0 0.55390625 0.303125 0.06484375 0.25
0 0.62734375 0.3078125 0.071875 0.2453125
0 0.72265625 0.3125 0.06484375 0.2359375
0 0.803125 0.3140625 0.071875 0.23828125
0 0.8734375 0.2984375 0.06484375 0.22109375
0 0.953125 0.3171875 0.07421875 0.27421875
0 0.1609375 0.93125 0.0625 0.13671875
0 0.23828125 0.94453125 0.0625 0.1109375
0 0.31171875 0.93828125 0.0671875 0.1234375
0 0.39921875 0.91953125 0.0671875 0.1609375
0 0.48203125 0.90625 0.06484375 0.1875
0 0.5640625 0.92421875 0.06953125 0.1515625
0 0.64765625 0.9171875 0.06953125 0.165625
0 0.73203125 0.91328125 0.07421875 0.1734375
0 0.815625 0.909375 0.06875 0.18125
0 0.890625 0.90234375 0.07421875 0.19453125