0 0.7430317018826131 0.13655818789786833 0.10588785703211538 0.08086019601368118
0 0.7325169016057579 0.23972864123173196 0.10823160703211539 0.08088746801399935
0 0.7297843229512726 0.33109852856464106 0.10229248766149883 0.06130167401336299
0 0.7193090954688065 0.40928716323205006 0.10274307063492075 0.06833292401336304
0 0.6021123010520475 0.44734224124764027 0.11181768198597286 0.06375451201463563
0 0.4640115237541516 0.4583171985996394 0.09775518198597286 0.06359088001272681
0 0.3406543669066064 0.4706819332829569 0.10229248766149883 0.06130167401336308
0 0.2212232464562557 0.4705103052991834 0.10713018198597286 0.06369996801399935
0 0.1114477282576584 0.4780329986473646 0.11479248766149888 0.06144712468172671
0 0.11093539096529981 0.40075288331477354 0.10523701495939482 0.07070394601368121
0 0.11969792412329187 0.32492617998090995 0.10274307063492083 0.06833292401336308
0 0.1277595504337387 0.2600369766470464 0.08573604333702489 0.05876702001113578
0 0.12495352791620477 0.18200288331477357 0.10553740360834274 0.07539144601368117
0 0.12776644972314483 0.10156140531509175 0.09541143198597285 0.06356360801240854
0 0.7837847146825396 0.02914614128144557 0.04727432063492074 0.05829228256289114
0 0.16753943708010186 0.5773057453055468 0.10917354333702489 0.059039740014317485
0 0.07540439698227948 0.6993812873170008 0.05784967766703617 0.14743862133990876
0 0.1280788140088575 0.7057943719764557 0.0571988355943156 0.13728237133990878
0 0.18042256400885753 0.7051852973026833 0.05238092766703621 0.14737498667249974
0 0.23190472085640276 0.6936569039624563 0.05253112199151015 0.14971873667249974
0 0.2869729526578055 0.699261466621593 0.058150066315984184 0.15212612133990877
0 0.3411097401347342 0.7072188699475024 0.04659200262089369 0.13013294267186346
0 0.3953466571613123 0.7136137732734118 0.05392364126984166 0.13490225867281785
0 0.44781032310815616 0.6989512892664121 0.05253112199151015 0.14971873667249974
0 0.5038297856312275 0.6897121019255488 0.06313795496493206 0.1568681653405452
0 0.5605606469822795 0.6937359832511402 0.05268131631598418 0.15206248667249972
0 0.6163297856312274 0.6884030459102768 0.05719883559431551 0.13728237133990878
0 0.6718288140088575 0.6994672679026408 0.05442428901808825 0.14271475867281785
0 0.7943849344592083 0.6996025332193234 0.04364747532299766 0.12073067067154533
0 0.8508049151808766 0.6841133458784602 0.048935752620893426 0.13016021467218158
0 0.9028179981542988 0.6764821118714605 0.051579891269841485 0.13487498667249972
0 0.9441543969822795 0.6892724658657334 0.030335946945367454 0.13228578866963617