0 0.17421875 0.10703125 0.1078125 0.040625
0 0.134375 0.01328125 0.04296875 0.0265625
0 0.1875 0.1625 0.10078125 0.0453125
0 0.17421875 0.2140625 0.103125 0.03828125
0 0.171875 0.27265625 0.103125 0.040625
0 0.3109375 0.30859375 0.11328125 0.0359375
0 0.4796875 0.31015625 0.11796875 0.04296875
0 0.7203125 0.31875 0.1078125 0.0453125
0 0.83984375 0.2765625 0.09375 0.04296875
0 0.83515625 0.22109375 0.0984375 0.04296875
0 0.83203125 0.16796875 0.115625 0.0484375
0 0.828125 0.10703125 0.1078125 0.0453125
0 0.87109375 0.0140625 0.0453125 0.028125
0 0.03359375 0.47109375 0.04296875 0.09609375
0 0.16015625 0.47109375 0.0453125 0.08671875
0 0.2171875 0.46875 0.040625 0.09609375
0 0.275 0.46484375 0.0453125 0.09375
0 0.33671875 0.459375 0.053125 0.09609375
0 0.43046875 0.46640625 0.04296875 0.08671875
0 0.4859375 0.4640625 0.04296875 0.10078125
0 0.5671875 0.46640625 0.0484375 0.09609375
0 0.62890625 0.47734375 0.040625 0.0796875
0 0.69140625 0.47734375 0.0453125 0.084375
0 0.74609375 0.46875 0.0453125 0.09140625
0 0.8078125 0.46015625 0.0484375 0.0984375
0 0.92890625 0.459375 0.0453125 0.09609375
0 0.98046875 0.4515625 0.03828125 0.09140625
0 0.10234375 0.80078125 0.11328125 0.0484375
0 0.44375 0.80859375 0.1078125 0.040625
0 0.62890625 0.84765625 0.11328125 0.0453125
0 0.9359375 0.85078125 0.11328125 0.0484375
0 0.8234375 0.9125 0.103125 0.040625
0 0.63125 0.9125 0.09375 0.0453125
0 0.35546875 0.91953125 0.10546875 0.05078125
0 0.228125 0.8578125 0.10546875 0.04296875