0 0.16798488957547836 0.1090584686903171 0.11017863680346807 0.0418795120146357
0 0.1336014552757893 0.014844844684908255 0.04451583944842143 0.02706248667249973
0 0.1780354527861277 0.16468176002545337 0.10342040258848365 0.046485196013681215
0 0.16175102915095668 0.2160897186903171 0.10535462891096029 0.039481218013999356
0 0.15599458183826234 0.2746561966899989 0.10549113680346807 0.041824968013999354
0 0.2929639608198098 0.31221183537554353 0.11537437101845249 0.03725564668204475
0 0.461622955558138 0.3157379193984515 0.12047139469597586 0.04434144068268111
0 0.7017474266189427 0.32713159476445003 0.11045165258848363 0.046567012014635624
0 0.8237358186840826 0.2863349667806766 0.09625264469597576 0.044059630012726635
0 0.8222790054734332 0.23081167278004022 0.10094014469597576 0.04411417401336308
0 0.8222481843702762 0.17765031011294935 0.11844616311182739 0.049782918682362884
0 0.8218911395754784 0.11666735677908573 0.11045165258848363 0.0465670120146357
0 0.8702747026449533 0.02419859345158547 0.04695059471009344 0.0286522586728179
0 0.015219225201173433 0.4714846486712271 0.030438450402346866 0.09659373667249974
0 0.13271816360593752 0.47295733668840806 0.05036329202278762 0.08724600867281787
0 0.18988592149844527 0.4712772053628168 0.04622182359281872 0.09656646467218159
0 0.24792593465262489 0.4680436647039983 0.05077281570031093 0.09427725867281786
0 0.30996320306847636 0.46329307737904335 0.058721823592818724 0.09671191534054505
0 0.40330367939095313 0.47141520739177006 0.04801954202278762 0.08721873667249973
0 0.4589089372834608 0.46971689473263334 0.04883858937783429 0.10128123667249973
0 0.540022429390953 0.47300607407699646 0.05403432359281872 0.09665737133990877
0 0.60110414255925 0.4846617367520415 0.04526626834526439 0.0801602146721816
0 0.66360414255925 0.4853889900938594 0.050226784130279964 0.08490225867281787
0 0.7187921714984453 0.47743158676794994 0.05063630780780315 0.09193350867281787
0 0.7810114504376404 0.4695559994429949 0.054170831485326684 0.09900112133990877
0 0.9021507030684763 0.47018380279276695 0.050909323592818724 0.09662100867281787
0 0.9541682293768357 0.4629712867997666 0.043605057807803146 0.09185169267186347
0 0.056877379974545506 0.8019721273472266 0.11375475994909101 0.04975564668204484
0 0.3966547770848181 0.8137572487269062 0.11017863680346807 0.04187951201463562
0 0.5795358955430219 0.8549742367520416 0.11592040258848364 0.04663064668204484
0 0.8863851350196782 0.8616718687937215 0.11610241311182748 0.04975564668204484
0 0.77029042718364 0.9220815627784494 0.10549113680346807 0.041824968013999354
0 0.5781029271836402 0.9198452587523598 0.09638915258848364 0.046403380012726814
0 0.3019121535061168 0.9236675033815887 0.10842642100433508 0.05200849001431749
0 0.17816311134215485 0.8604669746976349 0.10797139469597586 0.04419599001431749