0 0.06273974855225795 0.05616873134149962 0.058291997104515894 0.11155566534054513
0 0.06928946319178511 0.19679373134149963 0.05974748924663302 0.14280566534054512
0 0.8635209985522578 0.06548666478354008 0.058291997104515755 0.11155566534054513
0 0.8729238854415261 0.21707643678385824 0.06319782092583352 0.11629770934118148
0 0.12504296525869968 0.38796417134786293 0.12044308664159917 0.05449769068268111
0 0.14152629797135743 0.4568687126829992 0.10805224855225792 0.056695990014317486
0 0.1278683664159915 0.5324499680139994 0.11853598428423431 0.06384541868236297
0 0.13306959677128438 0.6105931493475447 0.11586474855225792 0.05678689668204484
0 0.28320018341288355 0.6654362853675894 0.12758349855225798 0.056923256683635515
0 0.46448657071643645 0.668326570058861 0.12981808664159916 0.05460677868395365
0 0.7213551548768363 0.6845895587603139 0.12333264619489306 0.06624371268299925
0 0.8288036660444881 0.39302986211008584 0.12077057237357555 0.06152894068268111
0 0.8366761321317572 0.4782315654439494 0.12344180810555194 0.06858746268299924
0 0.8440391759692855 0.552495768777813 0.11050516046291677 0.05906701201463562
0 0.8498033325032608 0.6259605407781312 0.10570849855225788 0.05666871801399935
0 0.9959831462449877 0.8730911741326757 0.008033707510024612 0.12318350867281787
0 0.9585042061579626 0.8809940334579487 0.059165292389786114 0.13030566534054486
0 0.8260191918899389 0.886479870106586 0.062200401157291904 0.14517668734086336
0 0.7622477903183624 0.8919844354312229 0.05905613047912741 0.12796191534054485
0 0.6978043006574446 0.8998236600890868 0.05404114474715094 0.12087612133990895
0 0.6353043006574446 0.8990964067472691 0.057818962158327734 0.10139941534054522
0 0.5709507022290211 0.892100972071906 0.05671238047912723 0.12793464334022672
0 0.4846129418899389 0.8825072487269064 0.057512901157291726 0.14512214334022672
0 0.42289419188993893 0.8817890860518613 0.058946968568468525 0.12561816534054487
0 0.32178545615796256 0.8735851400381801 0.0689769400324213 0.13978975334181776
0 0.2534721038005977 0.8821601613621806 0.056821542389786116 0.13027839334022673
0 0.19051833953257408 0.8884550673535898 0.05447779238978621 0.1302511213399086
0 0.1305440260503387 0.8916613360120904 0.05927445430044496 0.13264941534054522