0 0.04656988836446338 0.26135567067154525 0.06437020060802233 0.16161020934118148
0 0.11297613836446338 0.2621283773472266 0.05733895060802232 0.161528393340227
0 0.4582409229276935 0.0350055400620426 0.1539818458553869 0.06113858935390813
0 0.06245350942872121 0.4403619180060452 0.0662364481365644 0.14991873134149963
0 0.04204809790691531 0.8594568160009544 0.02062020060802232 0.1611011320019089
0 0.0867385153974013 0.8638812340069997 0.0615489481365644 0.14986418734086335
0 0.16401859840120692 0.8632187100174992 0.0669049515966055 0.16632498134149962
0 0.23135067843926302 0.848384598026726 0.06816636266130087 0.13978975334181776
0 0.2965698187437117 0.7242027580362711 0.14707792984777565 0.06418177335295354
0 0.28900271646253417 0.6343135547024075 0.12998593034206724 0.06632552868395365
0 0.44094721843970053 0.6454521440563156 0.1350554323192336 0.07575507268458992
0 0.4553545697322948 0.7307356633911337 0.13749468281352523 0.07812609468490823
0 0.7033371304929791 0.6266406987587231 0.13720818133065044 0.07109484468490823
0 0.7110806463103099 0.7016952427593595 0.118076179353484 0.061501668682362974
0 0.37144909642404056 0.8562618273790434 0.06886669961943923 0.15697725334181775
0 0.558998175967805 0.8404839280712695 0.06661845011373088 0.15929373134149963
0 0.6313997579830275 0.8350793600811326 0.06183544961943923 0.15689543734086336
0 0.844154425967805 0.8438020214433131 0.06408369912514758 0.1545789593411815
0 0.9154391769563883 0.849316772119631 0.0668094511023142 0.1639812313414996
0 0.9389957985734437 0.7278872147914942 0.12200840285311258 0.11955961668522655
0 0.9355753504461746 0.6185667587921306 0.12884929910765094 0.10254483935390812
0 0.1401010069572633 0.4295522346833174 0.057645356729801825 0.11155566534054517
0 0.18260288885875497 0.26528119668999894 0.06652294961943914 0.15694998134149962
0 0.2556583868815886 0.25676071936663486 0.06360619665368965 0.14286020934118146
0 0.19859925646297166 0.42789028469127166 0.06604544714798122 0.14523123134149962
0 0.2625662559686801 0.4262919693666348 0.06370169714798121 0.1452039593411815
0 0.3360037559686801 0.42714649204327076 0.06604544714798122 0.14523123134149962
0 0.325094136387297 0.2552260387094071 0.06867569863085592 0.15228975334181777
0 0.3962833868815886 0.2583970393857249 0.06183544961943914 0.15689543734086334
0 0.46356638737588013 0.261522586728179 0.06671395060802218 0.16163748134149963
0 0.5298771368815887 0.2599515434038604 0.06417919961943923 0.1569227093411815
0 0.5921078814443812 0.23490663741245094 0.05998910672980173 0.11158293734086326
0 0.6635517999234504 0.24432763808876867 0.06905770060802237 0.1616647533418178
0 0.7352676324329643 0.2412577294318591 0.0683891971479813 0.14525850334181775
0 0.40306392197629126 0.4248032893857248 0.06037110870696818 0.12095793734086331
0 0.4690390904553604 0.43416065539463355 0.06867569863085592 0.15228975334181777
0 0.5400373399610688 0.43264415607095125 0.06614094764227278 0.14757498134149963
0 0.6070338389724858 0.4287384534134054 0.061453447642272785 0.14752043734086334
0 0.6769961704934165 0.4209628634229505 0.07130595011373071 0.15934827534213594
0 0.7470221690105419 0.4147497734324954 0.06370169714798131 0.1452039593411815
0 0.8029644684025194 0.25453952677431324 0.0683891971479813 0.14525850334181778
0 0.8119295860067363 0.4170667987746314 0.06867569863085592 0.15228975334181777
0 0.886388416539084 0.4046582527848127 0.059587200113730886 0.15921191534054518
0 0.8649551324329643 0.242766780116131 0.06427470011373089 0.1592664593411815
0 0.9333231304557981 0.23419175879213058 0.06642744912514757 0.15460623134149962
0 0.9490648300752372 0.39055084679340324 0.06075311068413427 0.13033293734086326
0 0.9836962031937577 0.22859628679976662 0.03260759361248446 0.13716419267186336