0 0.047902942205065344 0.12134373487468948 0.07355419961943915 0.15664088544042354
0 0.1280533572240934 0.1139993883672898 0.07149695110231392 0.16365849990180412
0 0.2917139506080223 0.16259649053203024 0.07191078657757748 0.17381474990180412
0 0.37819262007567467 0.17637771028140922 0.06671395060802236 0.1612874788245653
0 0.3871577376798913 0.3388913458200286 0.06505860870696818 0.12066247882456534
0 0.292562820683697 0.33677887909571175 0.06379719764227279 0.14721134328594587
0 0.13750790615896052 0.3460306383672898 0.06183544961943914 0.1565727077473264
0 0.06021057710948761 0.3658886204133089 0.06934420209089709 0.1683323643631848
0 0.6245476497331699 0.3184026255796703 0.061135112661300894 0.1393852077473264
0 0.4594572075281045 0.19637711377400952 0.06437020060802219 0.16127384328594588
0 0.530955522737413 0.11087595100983116 0.06956703657757757 0.1738011143631847
0 0.6039765286689122 0.1394191075274936 0.06417919961943923 0.15658634328594587
0 0.6833775271860373 0.1328514658405541 0.0645612015966055 0.16596134328594586
0 0.7447288626613008 0.14336223984465918 0.06642744912514757 0.15425622882456524
0 0.43137590026464245 0.7148407674630015 0.06652294961943919 0.15659997882456533
0 0.6491536492760593 0.7114213725546084 0.0692487015966055 0.1659886143631848
0 0.9706699448000962 0.33370648047488527 0.058660110399807765 0.12299259328594588
0 0.963768022737413 0.11339398047488528 0.06427470011373089 0.15893009328594587
0 0.06377320068238443 0.9517079457452737 0.052546679847775654 0.06279089149054755
0 0.18161461668999562 0.949269267855785 0.1350554323192336 0.07498688534222779
0 0.32442419919950966 0.94619478571157 0.13280718281352524 0.07731699980360815
0 0.5270080297318573 0.9340952823919203 0.139965766805914 0.08048290641946636
0 0.7214119457394685 0.9321020320973327 0.15490501730020548 0.08291301483072289
0 0.9190681957394686 0.9332519625209045 0.14025226828878878 0.08751415641946636