0 0.7624633734718615 0.7190616766129426 0.07796562697836454 0.161342020979043
0 0.5382213692879899 0.8216316438282387 0.07513055404758581 0.15195338544042364
0 0.4599735385552954 0.818833375874258 0.07303246551297526 0.15662724990180407
0 0.37781945782260073 0.8160123820225781 0.06263387607385322 0.13704145774732632
0 0.30150261928799 0.8202544544276767 0.07303246551297518 0.15662724990180407
0 0.22625695782260075 0.8151306171918551 0.07747430404758597 0.151967020979043
0 0.07954241010659288 0.8322403282588311 0.06587838478028056 0.15424259328594586
0 0.06718741576080242 0.5517852137974506 0.07513055404758592 0.15195338544042353
0 0.20831038274411565 0.5322999364736958 0.07525338478028054 0.15429713544042353
0 0.3629126735627185 0.5464765868430381 0.06600121551297518 0.15658634328594587
0 0.4389395850281078 0.5516049692583996 0.07303246551297526 0.15662724990180407
0 0.5172726249421995 0.5411265323919203 0.06797647331489128 0.14956872882456515
0 0.5970420120973292 0.5431526407049809 0.0782112884437538 0.166029520979043
0 0.7532543905460318 0.5284412217924824 0.06612404624566981 0.15893009328594587
0 0.7257989393936933 0.10887815553570376 0.06834496551297527 0.15659997882456528
0 0.5197093916776855 0.12564243295765443 0.07833411917644835 0.168373270979043
0 0.3590994402982045 0.1309561259724538 0.08265312697836436 0.16136929205628184
0 0.04211998021229627 0.1181778282588312 0.07599036917644833 0.1683596354404236