0 0.725 0.71484375 0.06953125 0.1609375
0 0.4953125 0.81875 0.0671875 0.1515625
0 0.4171875 0.81640625 0.06484375 0.15625
0 0.33515625 0.8140625 0.05546875 0.13671875
0 0.25859375 0.81875 0.06484375 0.15625
0 0.18359375 0.8140625 0.06953125 0.1515625
0 0.0359375 0.83203125 0.0578125 0.15390625
0 0.03828125 0.5515625 0.0671875 0.1515625
0 0.18046875 0.53125 0.0671875 0.15390625
0 0.334375 0.54453125 0.0578125 0.15625
0 0.41015625 0.54921875 0.06484375 0.15625
0 0.4890625 0.53828125 0.06015625 0.14921875
0 0.56875 0.53984375 0.06953125 0.165625
0 0.72578125 0.52421875 0.0578125 0.15859375
0 0.7203125 0.1046875 0.06015625 0.15625
0 0.51328125 0.12265625 0.06953125 0.16796875
0 0.35234375 0.12890625 0.07421875 0.1609375
0 0.0359375 0.11796875 0.0671875 0.16796875