0 0.09567050501727796 0.8147897533418178 0.06711585722409338 0.11400850334181775
0 0.1666024289335546 0.8499738226845901 0.06877119912514758 0.15463350334181775
0 0.16626023623419767 0.7265908666852264 0.15205193133065045 0.07126756735359
0 0.33032273623419767 0.7284999067074981 0.15186093034206732 0.06658006735358998
0 0.24268476786885923 0.8774090266947715 0.06408369912514758 0.1545789593411815
0 0.30933109840120687 0.8649095740372257 0.057931858212676525 0.11858691534054486
0 0.3814925998840817 0.872777165380316 0.06829369665368965 0.14291475334181775
0 0.45289009741262376 0.8618947567234064 0.07785969764227278 0.14771134134309066
0 0.5259455954354574 0.8533742794000423 0.06126244665368965 0.14283293734086336
0 0.6014085104544854 0.8464435740769964 0.07298119665368966 0.14296929734245403
0 0.5245993182494201 0.7245134827339059 0.13692167984777565 0.06406359468490823
0 0.6843244867284892 0.7349617287555413 0.13955193133065044 0.07112211668522636
0 0.8041024289335545 0.8573918067711315 0.07326769813656427 0.1500005473424543
0 0.8815589254735133 0.8418946234484037 0.07130595011373089 0.1593482753421359
0 0.9507188600848606 0.6968463001272669 0.09856227983027885 0.07567325668363552
0 0.9498686433073793 0.6132616407940396 0.1002627133852414 0.06862382535009015
0 0.6690085514435061 0.6465441187539506 0.14961268083635879 0.06889654535327168
0 0.500848800454923 0.6399021253978152 0.13008143083635879 0.06866927868395364
0 0.3473882194282837 0.6490487640435889 0.14502068133065044 0.07118575135263541
0 0.0748725963868595 0.45768577800763605 0.0654406106841345 0.13038748134149963
0 0.1436544298849567 0.4592670066836356 0.058122859201259744 0.12327441534054503
0 0.21305834589256795 0.45695107602640783 0.07345869912514758 0.1546880473424542
0 0.363202925930624 0.4430805747135433 0.05479227076024671 0.09902839334022691
0 0.426484175930624 0.4438169187221338 0.06398819863085596 0.15223520934118148
0 0.49604725942872124 0.44540723806490606 0.059014197147981305 0.14514941534054518
0 0.5666635069572632 0.43451573874122384 0.07111494912514757 0.1546607753421359
0 0.6408822569572632 0.43537935208463246 0.07111494912514757 0.1546607753421359
0 0.7144152574515548 0.4385776247612684 0.06858019813656427 0.14994600334181776
0 0.7808215074515549 0.43935033143694974 0.06505860870696818 0.12101248134149963
0 0.8468139219762915 0.42996678811263117 0.06858019813656427 0.14994600334181776
0 0.9138740879839025 0.4276235854550853 0.06867569863085592 0.15228975334181777
0 0.9757056193342372 0.42220992679817576 0.048588761331525634 0.13978975334181776
0 0.06144547186256057 0.26230964334022694 0.05860036167271767 0.13499316534054512
0 0.12311514231879608 0.2809874653484993 0.06126244665368961 0.14283293734086328
0 0.19417705882069888 0.28103346602481705 0.07894203657757748 0.17427384134309049
0 0.26536630931499045 0.2842044667011348 0.07149695110231384 0.1640357753421359
0 0.3455485578321157 0.2781095553787252 0.06858019813656435 0.14994600334181776
0 0.41120539133021283 0.27965442138763386 0.07140145060802223 0.16169202534213592
0 0.48845364083592135 0.2782106473981334 0.07101944863085592 0.15231702534213598
0 0.557443721368269 0.2657384667409056 0.07111494912514757 0.1546607753421359
0 0.6283146368815886 0.26109696741722344 0.06848469764227297 0.14760225334181779
0 0.6956294708739774 0.2650037647596776 0.0634788626613009 0.13973520934118147
0 0.7672179693911026 0.25880885610276805 0.06877119912514758 0.15463350334181777
0 0.838216218896811 0.25729235677908574 0.06661845011373088 0.15929373134149963
0 0.9040176324329643 0.24322131345476716 0.062110022243121676 0.10614145934118147
0 0.9682781209313897 0.25182470146399394 0.06344375813722074 0.16403577534213593