0 0.040741595005342114 0.20429660132877295 0.056999022865490766 0.11155566534054513
0 0.1244345487262064 0.18378355931731893 0.05781747840045361 0.13499316534054512
0 0.02716771224320281 0.3975017086648637 0.028663202539737954 0.06046533267027261
0 0.19243058057737183 0.18377392130809206 0.05975200063297219 0.1233016873408633
0 0.26492313947037927 0.1782409892982289 0.04891370435383653 0.10365225867281787
0 0.330848239833199 0.18607112328932024 0.052966287293461 0.13025112133990877
0 0.3945833576192138 0.17595068861395696 0.05547372840045357 0.1349658933402269
0 0.4594271076192139 0.17519616327182103 0.06051589246560418 0.1451766873408633
0 0.5194196665122213 0.1698086819303214 0.055828392465604185 0.14512214334022694
0 0.5819196665122213 0.16908142858850359 0.05000497840045348 0.1349022586728179
0 0.6421577620657175 0.17072519724700397 0.05016866950744614 0.13958975867281792
0 0.7055208576192138 0.17233260323841346 0.05296628729346118 0.13025112133990877
0 0.771872543916883 0.16999739656273205 0.049759441739964674 0.12787100867281792
0 0.8382515120657175 0.16844343988705063 0.05312997840045384 0.13493862133990878
0 0.9291394068935744 0.15253608187464213 0.06266866950744614 0.13973520934118144
0 0.9735894336401347 0.37546450453536967 0.052821132719730456 0.0632545253421359
0 0.864040229666398 0.36978776388450535 0.07874504809323427 0.06339088534372675
0 0.6213170163268869 0.379646211250822 0.10765129809323426 0.06372724001431748
0 0.42608636188038307 0.38426262794400257 0.12015129809323426 0.06387269068268112
0 0.24990580779669908 0.39725461863463785 0.1319518936467305 0.06635280068427188
0 0.09064740280204121 0.6038784306572277 0.11320189364673053 0.0661346246817267
0 0.11266130125809515 0.6747449139879096 0.11780754809323421 0.06384541868236297
0 0.6072074202252363 0.5798916592536856 0.1074876069862416 0.059039740014317485
0 0.614868642002268 0.6649933652530491 0.11320189364673042 0.0661346246817267
0 0.7532863012580953 0.6672905672342774 0.11048612141421188 0.07781701201463562
0 0.9984400223173366 0.6424156471992789 0.003119955365326632 0.054978401336727066
0 0.9650974013990583 0.8389366585375969 0.06980519720188347 0.06130167401336308
0 0.7529564629609931 0.836894542568459 0.11320189364673058 0.0661346246817267
0 0.31969009517497815 0.8513148626273199 0.12006945253973793 0.06152894068268111
0 0.1835889040679856 0.8482091386457737 0.1077331436467305 0.06607099001431749
0 0.063303685919151 0.8503903513287728 0.0690426658792491 0.053906797342454384