0 0.15769279941909947 0.4016181386855446 0.10805224855225797 0.056695990014317486
0 0.3000986232404171 0.4079601400381801 0.11352099855225797 0.05675962468172653
0 0.4577655740262053 0.40667145472627003 0.11006851282028159 0.04969201201463567
0 0.623063088294229 0.4015674260820871 0.12534891046291677 0.05923973468331738
0 0.7640690779551468 0.3946190867679499 0.11564642473094047 0.05209939668204475
0 0.9063657398658055 0.39861733812058536 0.10592682237357565 0.061356218013999354
0 0.9910130192816442 0.38174855880008474 0.017973961436711504 0.05351589867122701
0 0.9849727268918581 0.15362355880008477 0.03005454621628374 0.11601589867122705
0 0.8981507096771285 0.07135540412153987 0.11564642473094011 0.05209939668204475
0 0.9308968972283506 0.17090141812535786 0.053931982836492406 0.11853237133990877
0 0.8670891083532208 0.17562473344999466 0.06172736621110388 0.13502043734086328
0 0.7569435128202816 0.05721908410244982 0.10837973428423417 0.06372724001431754
0 0.7886366226212445 0.1676844167727224 0.0636344685684687 0.12567270934118144
0 0.7216117884608447 0.153630460097041 0.061618204300445 0.1326766873408633
0 0.5864854636060699 0.05211231874599635 0.11831766046291677 0.059157918682362934
0 0.6624016083532209 0.17324297875554134 0.05616657092583353 0.116215893340227
0 0.5953232702638797 0.17480493141308723 0.057039866211103706 0.134965893340227
0 0.5390732702638796 0.17415040340545124 0.06854029238978612 0.1304147533418178
0 0.47395553846084476 0.150748718730088 0.06139988047912741 0.12798918734086326
0 0.41496152812176257 0.1414731687221338 0.06923165115729187 0.1452585033418178
0 0.3513164050862333 0.1329243247135433 0.061618204300445 0.1326766873408633
0 0.296466239246633 0.14556013737268 0.06129071856846861 0.1256454373408633
0 0.2382898662111037 0.13707492803149854 0.06150904238978612 0.13033293734086326
0 0.17380998924663302 0.14413290268936257 0.060635747104515844 0.1115829373408633
0 0.09404971463952716 0.14164315467854488 0.05762206306795061 0.14746589334022694
0 0.034548436103479886 0.15500567333704526 0.05693070430044496 0.13262214334022696
0 0.3690306755550007 0.6976680773790433 0.1226776747309403 0.052181212682999245
0 0.5492083271265773 0.6935180214035422 0.10837973428423435 0.06372724001431748
0 0.6905418025194714 0.693600932089405 0.11820849855225787 0.05681416868236298
0 0.959422753979036 0.6984906161282214 0.081154492041928 0.09738462468172653
0 0.05455079859052997 0.7018170386696363 0.04544308664159915 0.05362498667249973
0 0.127545304586386 0.8775715640117723 0.11842682237357552 0.061501668682362974
0 0.3264001815508567 0.8720771840388164 0.11352099855225788 0.056759624681726704
0 0.5311968434615155 0.8768026887332697 0.11820849855225787 0.05681416868236298
0 0.6739108823366451 0.8729975307526778 0.11597391046291676 0.05913064668204484
0 0.8440414458188803 0.8710730461091313 0.12055224855225788 0.05684144068268111
0 0.9587560510216347 0.8507070967934032 0.08248789795673055 0.05672326201463562
0 0.9637287837033337 0.9624258467934033 0.07254243259333251 0.054270424013363086
0 0.2944652849416789 0.9575965133672713 0.10794308664159917 0.05435224001431749
0 0.17004748179852575 0.9686420066836355 0.12311432237357552 0.061556212682999246
0 0.056184034941678875 0.9548238600015908 0.026057385855810855 0.0565227200031817