0 0.56654915706531 0.5356060714114964 0.07783249391092006 0.20789486334340862
0 0.564406409907979 0.7926645934118146 0.07288589529089187 0.19299656934277234
0 0.5589398396981651 0.9681867058700551 0.07074492248329012 0.06362658825988987
0 0.7462761984644631 0.9782368247135433 0.14621252678536117 0.04352635057291323
0 0.9050881367760656 0.9666845267245996 0.13805515340856686 0.06663094655080073
0 0.9044080726520365 0.8771059647914943 0.13358584172016955 0.09059882268458992
0 0.7551075020351854 0.8800571474379044 0.13342220048646744 0.08122382268458991
0 0.7506984659143334 0.7745156721037225 0.1360114123370204 0.09531359468490823
0 0.9039052865311845 0.7716099427911761 0.15311709172016919 0.0908260893539083
0 0.9064729533324318 0.6692752834579488 0.1407398226454461 0.09771188868554467
0 0.7462678847441755 0.5806747654359953 0.1437830020285949 0.0930607513526354
0 0.9121792569031542 0.5661957367918123 0.13815061079489296 0.08362211668522654
0 0.7660094147759476 0.4793213507717679 0.15546084172016955 0.09085336135422643
0 0.9186259001654509 0.46546903079244883 0.13823243141174402 0.08830961668522655
0 0.9289651566582726 0.3655690281269487 0.13124209172016918 0.09057155068427196
0 0.9284487337679455 0.26085425612663055 0.13580686079489296 0.08359484468490823
0 0.9263016270302427 0.16002755279276693 0.143701181411744 0.08837325135263545
0 0.9257715673704402 0.05609403079244877 0.14845686525911966 0.0923340453532718
0 0.7740181525977878 0.06526794143854062 0.13835516233702022 0.09534086668522641
0 0.7785635564133915 0.1629969167727224 0.11722050202859488 0.09275166868236288
0 0.7853163425342435 0.2685656641072224 0.13831425202859507 0.09299711668522637
0 0.7818856051161454 0.3755787327736769 0.14608584172016936 0.09074427335295354
0 0.574279431008002 0.22703959341181457 0.07334954545304768 0.21955906934277233
0 0.5813357747567662 0.04661629674567818 0.06389095048646745 0.08041475334181779
0 0.6583619249189221 0.02094468208940498 0.058276150162155815 0.02723520934118146
0 0.3913692938314898 0.05143851471990664 0.14608584172016936 0.09074427335295362
0 0.23505110998411394 0.05352663136536216 0.14612675202859488 0.09308802335295366
0 0.22542491964391634 0.15734197469763495 0.1460040211033184 0.08605677335295363
0 0.37473912703024254 0.1536095420512249 0.1263364034085667 0.0780170066836356
0 0.3775856631510946 0.25913283605186127 0.1458676534085667 0.07824427335295363
0 0.22278906899529324 0.26358288403086216 0.13827334172016936 0.09065336668522636
0 0.22797935511614525 0.3691334500318167 0.13342220048646736 0.0812238226845901
0 0.2199838486233235 0.4690607246976349 0.14612675202859488 0.09308802335295355
0 0.38264748985702557 0.46157658338636126 0.1286801534085667 0.07804427868395365
0 0.3691559598252535 0.5630027233847704 0.13342220048646736 0.0812238226845901
0 0.21499061120522525 0.576055612030544 0.15303527110331833 0.08613858935390813
0 0.2116689679429283 0.6768186806969986 0.1460040211033183 0.08605677335295354
0 0.3704536327155807 0.6677265860518613 0.14596311079489288 0.08371302335295354
0 0.36768141437220586 0.7817799953850886 0.14357845048646745 0.0813420013526354
0 0.21842175406378034 0.7823874280314985 0.1438239123370204 0.09540450135263541
0 0.20801431372358276 0.8861936806969986 0.13584777110331833 0.08593859468490841
0 0.3621387520351854 0.8754845420512251 0.14608584172016936 0.09074427335295354
0 0.36281881615921474 0.9682107473543855 0.1402352621748646 0.06357850529122899
0 0.20893983969816507 0.9659481291772721 0.1402761724832901 0.06810374164545578