0 0.5109375 0.6578125 0.0890625 0.2140625
0 0.578125 0.83515625 0.06953125 0.2140625
0 0.36875 0.8140625 0.1515625 0.09375
0 0.35703125 0.7078125 0.1421875 0.09375
0 0.36171875 0.6046875 0.13671875 0.09375
0 0.36640625 0.5015625 0.146875 0.0890625
0 0.209375 0.48671875 0.1390625 0.084375
0 0.203125 0.5953125 0.146875 0.0890625
0 0.19921875 0.70546875 0.14453125 0.0890625
0 0.20078125 0.80859375 0.1078125 0.084375
0 0.2078125 0.9125 0.13671875 0.09375
0 0.21015625 0.98046875 0.13671875 0.03828125
0 0.37578125 0.98515625 0.1515625 0.0296875
0 0.56484375 0.99375 0.0484375 0.01171875
0 0.2125 0.37890625 0.18046875 0.103125
0 0.39296875 0.38828125 0.13671875 0.084375
0 0.37109375 0.2796875 0.146875 0.0796875
0 0.19453125 0.275 0.125 0.084375
0 0.20546875 0.1625 0.1421875 0.09375
0 0.37734375 0.15625 0.14453125 0.10546875
0 0.375 0.05390625 0.14921875 0.09375
0 0.21015625 0.05390625 0.13671875 0.09375
0 0.571875 0.06015625 0.0625 0.1203125
0 0.75234375 0.99140625 0.1203125 0.01171875
0 0.90078125 0.98984375 0.1296875 0.0203125
0 0.90625 0.91328125 0.14921875 0.08671875
0 0.7546875 0.91015625 0.115625 0.09375
0 0.7640625 0.80859375 0.125 0.0890625
0 0.9234375 0.80390625 0.08671875 0.0890625
0 0.9125 0.70546875 0.1421875 0.0984375
0 0.75859375 0.70546875 0.1421875 0.0890625
0 0.75390625 0.5921875 0.1421875 0.0890625
0 0.90859375 0.5953125 0.1390625 0.0890625
0 0.89921875 0.49375 0.115625 0.084375
0 0.76171875 0.48828125 0.115625 0.08671875
0 0.76171875 0.390625 0.1296875 0.09375
0 0.91953125 0.38359375 0.12734375 0.0890625
0 0.9234375 0.27265625 0.1296875 0.0890625
0 0.771875 0.28515625 0.14921875 0.09375
0 0.7640625 0.18125 0.15390625 0.09375
0 0.91484375 0.16953125 0.13671875 0.084375
0 0.91796875 0.06875 0.14453125 0.0890625
0 0.76953125 0.071875 0.1203125 0.08203125
0 0.765625 0.00703125 0.13671875 0.0140625