0 0.25859375 0.525 0.0796875 0.18046875
0 0.25390625 0.75234375 0.06484375 0.1828125
0 0.1828125 0.95390625 0.165625 0.0921875
0 0.49140625 0.553125 0.1421875 0.08203125
0 0.6265625 0.71015625 0.06015625 0.18515625
0 0.7015625 0.69453125 0.0578125 0.1875
0 0.78359375 0.69453125 0.0671875 0.178125
0 0.8703125 0.6859375 0.0671875 0.1609375
0 0.9546875 0.71015625 0.071875 0.17578125
0 0.86796875 0.2296875 0.0765625 0.17578125
0 0.78359375 0.228125 0.0671875 0.178125
0 0.7078125 0.228125 0.06484375 0.1875
0 0.6265625 0.23046875 0.07421875 0.1921875
0 0.54296875 0.22578125 0.0671875 0.1875
0 0.37109375 0.109375 0.05546875 0.18515625
0 0.28515625 0.10078125 0.07421875 0.16796875
0 0.21015625 0.0953125 0.07421875 0.18515625
0 0.125 0.09140625 0.0671875 0.178125
0 0.0484375 0.08984375 0.059375 0.1796875