0 0.2280159820782587 0.5295137706962812 0.0901986077230986 0.18185970048646743
0 0.21008721650500467 0.7567757000794303 0.07549136561560629 0.18394435186643907
0 0.12725378774933613 0.9547790032464109 0.1709943104386391 0.09044199350717826
0 0.4591903873681654 0.5617025279998819 0.146965276237772 0.08451314204448082
0 0.5852006085701447 0.7210929391190863 0.07094037350811408 0.1862062812495882
0 0.6611106611868631 0.7067770689887026 0.06873313140062187 0.1885091209411625
0 0.7431419111868631 0.7082089297835955 0.07756209983059073 0.1792977621748646
0 0.8303611901260582 0.7011288611953393 0.07656104195220052 0.16211026217486477
0 0.9133256085701447 0.7268203822986578 0.08211309193808276 0.17703583279171564
0 0.8545909765342383 0.24483795088691385 0.08680059193808276 0.1771176534085667
0 0.7703069817959101 0.2418026797835955 0.07756209983059073 0.17929776217486462
0 0.69452573179591 0.24047991314450404 0.07576438140062187 0.1886318518664391
0 0.6131392239034023 0.24140543911908635 0.08541239718563745 0.19348299310014117
0 0.5298184896884178 0.23525880478524314 0.07810813140062187 0.18867276217486462
0 0.3647233816829706 0.11585246550070574 0.06625287350811408 0.18612446063273708
0 0.2792864106221657 0.10575867085843704 0.08400181562972371 0.16926424310014115
0 0.20460492903801725 0.09898079098882072 0.08500287350811411 0.18645174310014115
0 0.11967619219219683 0.09358813311602719 0.07756209983059081 0.17929776217486462
0 0.04320469745386868 0.09068922970746054 0.06984060509226264 0.18072389448011292