0 0.03451925641649537 0.21459831030485033 0.06903851283299074 0.15662724990180416
0 0.11390203802327117 0.21413015681225 0.07454103806045223 0.18085963544042355
0 0.18230186954420202 0.2223239310127468 0.07248378954332697 0.18787724990180416
0 0.2590553705327852 0.21719100341784556 0.07659828657757747 0.173842020979043
0 0.33684478950614594 0.20580353064340445 0.07200628707186904 0.1761584999018041
0 0.4803401215213684 0.21121721760807963 0.07678928756616052 0.178529520979043
0 0.5536502875289796 0.2139149707313376 0.06966253707186905 0.17614486436318472
0 0.6272151215213684 0.2103627238545956 0.07130595011373071 0.15897099990180416
0 0.7028053705327851 0.21460934143923413 0.07913303756616052 0.17854315651766237
0 0.779176869544202 0.21885141384433285 0.07852820110231384 0.16369940651766243
0 0.8508117890118545 0.20515655250621023 0.07551594764227261 0.147279520979043
0 0.9289367890118545 0.20470203455222938 0.08858895060802255 0.1614147438516799
0 0.8370358601154809 0.6582542814289714 0.07717128954332689 0.187904520979043
0 0.7634391926249948 0.6625877783057135 0.07412720258518864 0.1707033854404237
0 0.6855688606097724 0.6567922962596944 0.07229278855474383 0.1831897499018041
0 0.6047181086326061 0.6666354497522946 0.07932403855474383 0.18323065651766246
0 0.5283466096211893 0.6623933773471959 0.07619637996150637 0.2214846354404237
0 0.45221519114212005 0.6714280097625573 0.07219728806045218 0.18084599990180408
0 0.3645241901535369 0.6766245698710159 0.06985353806045218 0.18083236436318478
0 0.2958696906478285 0.6746807956705191 0.0622174515966055 0.16594770774732642
0 0.22447219311928643 0.6633802021881815 0.07219728806045218 0.18084599990180408
0 0.15172044262499482 0.6661466538853837 0.07669378707186905 0.176185770979043
0 0.07394561110406399 0.6580074218393646 0.07444553756616061 0.1785158854404237
0 0.01833156420213477 0.6630994428184076 0.03666312840426954 0.17377384328594586