0 0.05219400847705539 0.21410736444834083 0.07212121071058572 0.1573818518664391
0 0.1326627584770554 0.21270277719239833 0.07559296712072654 0.18164151217486463
0 0.2018130188161376 0.22009649147858337 0.07357670285270287 0.1886318518664391
0 0.27815719499482006 0.21407258807001667 0.07760923138875012 0.17465117248329012
0 0.354991522745079 0.20178504789197485 0.073030893299409 0.1769131018664391
0 0.49903262117350244 0.2055258823085436 0.0778275552100677 0.1793386724832901
0 0.5726156703877142 0.20736902597787762 0.07068714329940899 0.17687219155801356
0 0.6459076211735024 0.20296216964721162 0.0722303726212445 0.15972560186643908
0 0.72190719499482 0.20632690300812015 0.0801713052100677 0.17937958279171565
0 0.7986880188161376 0.20967799959955347 0.0794799464425621 0.16453583279171563
0 0.8691631846557378 0.19515580357731302 0.07637206306795079 0.1480886724832901
0 0.9472881846557378 0.193792126629796 0.08952703453190339 0.16236936079489284
0 0.8949553207164364 0.648198982960462 0.07826420285270289 0.18871367248329013
0 0.8216997572342011 0.653387089291128 0.07511993217453856 0.1714852621748646
0 0.7432836588057776 0.6485007662386449 0.07335837903138528 0.18394435186643926
0 0.6632515564484128 0.6592803534945875 0.08038962903138529 0.18406708279171563
0 0.5864707326270953 0.6559292569031541 0.07748510690547886 0.2222665121748646
0 0.5110897429661774 0.6658457735422456 0.07324921712072659 0.18160060186643925
0 0.423808066787495 0.6720605917234647 0.07090546712072658 0.1815596915580137
0 0.3549489048768363 0.6709168774372797 0.06318285835322088 0.16659321063273716
0 0.28252809532354234 0.6604527102289952 0.07324921712072649 0.18160060186643906
0 0.20998100723420113 0.664064679790186 0.07771839329940897 0.17699492248329013
0 0.1314557468951189 0.656834606737703 0.07548380521006774 0.17929776217486476
0 0.06214282071643647 0.6627357792209931 0.06589048138875017 0.17444662094116267