0 0.34843876122137674 0.7337356923274283 0.08340818631233429 0.21445338544042336
0 0.3372248836223307 0.5033033037637468 0.07958444668529649 0.1949084999018041
0 0.24754246390673593 0.25757719242562416 0.16101020020978146 0.09464540036934235
0 0.2531277678461394 0.1560919604778009 0.13913520020978146 0.09451813534222771
0 0.24759797303029826 0.052199346016420366 0.13895760145453692 0.09217438534222769
0 0.6900314975244222 0.5732946586589618 0.08358578506757883 0.21679713544042373
0 0.7627110583123029 0.5534139507152436 0.0815729991748075 0.1902346354404237
0 0.8430497537481993 0.5624713090283041 0.07854308755708957 0.21208236436318478
0 0.9280400603868955 0.550471278777683 0.09225039004660048 0.2074766775949012
0 0.9809195818519605 0.5696712515521242 0.038160836296079026 0.23869940651766247
0 0.2546691408950152 0.958880096311008 0.17346265601864025 0.08223980737798406