0 0.07261770864367115 0.11883236334340863 0.1452354172873423 0.10016472668681727
0 0.49530603784167226 0.10659927673454232 0.16328771215832774 0.10262665535486266
0 0.6921082632345663 0.11045262476126835 0.16339687406898662 0.10497040535486261
0 0.9012649394132488 0.11757642345635796 0.14911605024766886 0.10011927335295363
0 0.09335812427838357 0.44585848734881744 0.1707919971045159 0.11286472135581715
0 0.30362353618904236 0.4459601267106798 0.16328771215832774 0.10262665535486266
0 0.5105456242783836 0.4507129034054513 0.14857024069437513 0.08840052335295354
0 0.712945032260101 0.43508954543281353 0.16274190260503385 0.09090790535486266
0 0.895922352152477 0.41689517079085797 0.15603813833700997 0.09785733935390813
0 0.0764358740734958 0.842751668682363 0.14900688833701023 0.09777552335295354
0 0.2796143780024372 0.8607493327100435 0.11999147642635144 0.09509541868236297
0 0.46102704384203735 0.8761487080680878 0.1567294971045158 0.1127010893539083
0 0.6450017835029552 0.8868878554264501 0.1469906240689866 0.1047795013526354
0 0.8188010024857085 0.9147054147835402 0.16764772642635145 0.09564994935549898