0 0.07241723258714547 0.11796875 0.14483446517429094 0.0984375
0 0.49471827849413097 0.10078125 0.163875471505869 0.10078125
0 0.6915113913390012 0.10234375 0.16399830223856354 0.103125
0 0.900640729873612 0.10703125 0.14969014077317447 0.0984375
0 0.09076560436558559 0.44453125 0.1714389880142124 0.1109375
0 0.30104468509828025 0.4421875 0.163875471505869 0.10078125
0 0.5079531043655856 0.44453125 0.1490759871097012 0.08671875
0 0.7104573066495778 0.4265625 0.16326131784239592 0.0890625
0 0.8935530896662645 0.40625 0.15659856004047973 0.09609375
0 0.07315621099143424 0.84140625 0.14631242198286848 0.09609375
0 0.2746161454113311 0.85703125 0.1205382293077852 0.09375
0 0.4559513545927282 0.8703125 0.15737648801421233 0.1109375
0 0.6398759752395146 0.87890625 0.14759205223856356 0.103125
0 0.8135248371798737 0.9046875 0.16819447930778503 0.09375