0 0.9158131792545564 0.803350291454449 0.16837364149088713 0.1133465266947713
0 0.691462060015116 0.5451816134229505 0.09242823663405879 0.21967724801081764
0 0.5942608363234754 0.5518577800763602 0.0984584287556686 0.20257156401177207
0 0.4908173179076239 0.5451890620623608 0.11739043927901224 0.20591474001431748
0 0.3872295863234753 0.5494487533815887 0.1037374629565356 0.2127823580124085
0 0.28301252318341313 0.5294987853675893 0.10259989718563745 0.1932511080124085
0 0.18590230475344421 0.537737452020999 0.10935813140062187 0.1886454240133631
0 0.08305032053845977 0.5412249840069997 0.10112069717151999 0.20806758601209036
0 0.9534193090526341 0.44998948146081236 0.09316138189473193 0.21526246801399934
0 0.7796699023767222 0.2768594221037225 0.2028813472703419 0.10541584802672599
0 0.7908664656579586 0.14739009810626785 0.15702281570031093 0.09551358935390812
0 0.9496300177404958 0.16101788812853954 0.1007399645190084 0.20586019601368116