0 0.80546875 0.5375 0.10078125 0.2234375
0 0.88125 0.92265625 0.09375 0.1546875
0 0.87890625 0.2171875 0.06953125 0.23828125
0 0.78046875 0.0609375 0.0859375 0.121875
0 0.33984375 0.04453125 0.17578125 0.084375
0 0.2296875 0.2015625 0.05546875 0.1921875
0 0.146875 0.203125 0.0671875 0.228125
0 0.13359375 0.80390625 0.06484375 0.1703125
0 0.046875 0.86328125 0.06953125 0.16328125
0 0.3109375 0.91953125 0.18046875 0.084375
0 0.32578125 0.8140625 0.165625 0.1078125
0 0.3421875 0.70546875 0.15625 0.0984375
0 0.3328125 0.5984375 0.1515625 0.08671875
0 0.34375 0.4828125 0.16796875 0.10546875