0 0.8117231287396329 0.5421860801055429 0.1033811806969986 0.2240238281606352
0 0.8919860774585852 0.925083375874258 0.09554995202099903 0.149833248251484
0 0.8814334553628168 0.22230082698228495 0.07230390336568035 0.238685770979043
0 0.7811778220082723 0.06547813436026904 0.08735564401654461 0.12237496974937898
0 0.3403619180060452 0.04650840309981685 0.17676304201145393 0.08539766539645699
0 0.23203289202736238 0.2028987827847038 0.05770505402608972 0.19251020774732644
0 0.14923857336090782 0.20397949375348406 0.06984197469763495 0.22851588544042353
0 0.14294804610913134 0.8046834757013073 0.06682551535645347 0.17068974990180408
0 0.056920186783858254 0.8635539607723886 0.07143119935549899 0.163685770979043
0 0.3216372147914942 0.921340231456844 0.1814505420114541 0.08542493647369583
0 0.33525372477717674 0.8159578398681002 0.16687951201463563 0.10877607806243965
0 0.3503963720957683 0.7074595386384364 0.15739542401336298 0.0993465359079618
0 0.33977595074790534 0.6003737464839586 0.15257156401177224 0.08760051483072288
0 0.34936803206554246 0.48481237899751595 0.16919599001431748 0.10644596360105893