0 0.8148508473989169 0.5281275225573232 0.10468136606989872 0.2246101960136812
0 0.8973550247501759 0.9124019778803693 0.09645008035608385 0.1557783800127268
0 0.8826972719140972 0.20696049988068732 0.07369046468992693 0.23909031934277225
0 0.7815324180190633 0.056646705283275034 0.08806483603812651 0.11329341056655007
0 0.3406210458600847 0.04189350498289852 0.1772540211033183 0.08378700996579704
0 0.23320578652459387 0.19888984396881965 0.05882339529089187 0.19283293734086326
0 0.1504205600635442 0.20141595464672818 0.0711694366867496 0.22890679734245412
0 0.14762598578994993 0.8023517459818645 0.06781656574558706 0.1710670253421359
0 0.06194363027006283 0.8627358099936366 0.07238133482031053 0.16409031934277243
0 0.32698797767227505 0.9159131646244564 0.18194152110331832 0.08647494402449922
0 0.3399907637931271 0.8102716919557749 0.16750687418757354 0.10973972135581711
0 0.3545015028360785 0.7014870379535475 0.15796823295387147 0.10025563335454457
0 0.3432582654179802 0.5945648759548202 0.15307618141174384 0.08848233935390812
0 0.35217752353565507 0.47881260662000213 0.16980971387914795 0.10742324335613525