0 0.6660390306847568 0.8547742420830418 0.08970045496493206 0.15717724801081764
0 0.6531316131967533 0.6899032200827235 0.07127063001107459 0.17413748134149962
0 0.5766680451827262 0.7514668814051332 0.07111114126984167 0.13510225334181775
0 0.502111728866742 0.5991498560629971 0.06388892658730203 0.1685869153405452
0 0.5531271090347001 0.4084799500715876 0.07984459361388012 0.16174656934277234
0 0.6381622455241798 0.4563094700827234 0.06658313001107459 0.1740829373408633
0 0.6187452097452941 0.25076799474854167 0.08782707433554862 0.17667213534372683
0 0.6091432649593947 0.07656742608208714 0.08282989126984167 0.13523861334340861
0 0.4612669694629016 0.05923338072881532 0.0811276889258032 0.10867611334340861
0 0.44261230875784496 0.30414589139081555 0.07221256631598419 0.15228975334181777
0 0.39747549120524317 0.5378209100493159 0.07705026064045803 0.15468804734245403
0 0.4269090746400904 0.7169362453850885 0.07142082433554861 0.17648123134149962
0 0.9151288564138065 0.283101426121858 0.07515709361388012 0.16169202534213598
0 0.87390667180694 0.0905775714512673 0.07984459361388012 0.1617465693427723
0 0.3706908366740498 0.11985216004931591 0.07266314928940609 0.1593210033418178
0 0.2510384731635294 0.16529992536599852 0.07341412091177606 0.1710397533418178
0 0.1866755845145814 0.15986699069063526 0.06458053901808825 0.1428329373408633
0 0.11633280613695134 0.17075849001431753 0.07875246298449659 0.1812505473424541
0 0.04625084361388008 0.16135567067154524 0.0739147686600226 0.17885225334181776
0 0.18712257479697397 0.34957438068904445 0.07046959361388008 0.16163748134149963
0 0.06020962137320133 0.3426329426718634 0.07780123226282805 0.1664067973424542
0 0.11408080274086534 0.598538044676954 0.14212574568106334 0.08596586668522636
0 0.2684703092192703 0.47386640336568037 0.13928134793281677 0.07812609468490823
0 0.27964644354928164 0.5629925380330894 0.1467934592838688 0.0735295013526354
0 0.2687973835548189 0.6495203840308623 0.1470938479328167 0.0782170013526354
0 0.1686459916666685 0.7069050753500902 0.12896441162790725 0.09986473468331739
0 0.1091684669896662 0.8264357780076359 0.07076998226282802 0.16632498134149962