0 0.61171875 0.8583338404990581 0.0796875 0.15764095048646745
0 0.609375 0.6934491801906326 0.06015625 0.1744875312495882
0 0.52890625 0.7545445929346901 0.0625 0.13546594155801372
0 0.4640625 0.601850241068251 0.053125 0.16889605032431163
0 0.52734375 0.4115485693957398 0.06953125 0.1621511724832901
0 0.609375 0.4598554301906326 0.05546875 0.17440571063273716
0 0.603125 0.25427758603483125 0.0765625 0.1771176534085667
0 0.6046875 0.08008610957378157 0.07421875 0.13567049310014118
0 0.4578125 0.06189739691244961 0.07421875 0.10910799310014115
0 0.4234375 0.30660987905554216 0.0625 0.15265344155801364
0 0.36328125 0.539934847805954 0.0671875 0.15507901217486458
0 0.38125 0.719154743503883 0.06015625 0.1768312812495882
0 0.89765625 0.28832489812697026 0.06484375 0.16206935186643906
0 0.86875 0.09563283765638902 0.06953125 0.16215117248329014
0 0.36328125 0.12196609780595405 0.0625 0.1596846915580136
0 0.240625 0.16670012499835235 0.0625 0.1714034415580136
0 0.1765625 0.16089440990138842 0.05546875 0.14315571063273708
0 0.10546875 0.17137221387914794 0.0671875 0.1816415121748646
0 0.0359375 0.16156479139585783 0.0625 0.17921594155801363
0 0.16484375 0.35053360835926084 0.06015625 0.16198753124958812
0 0.03828125 0.34285570170428337 0.0671875 0.16679776217486458
0 0.07578125 0.5989790166390915 0.13671875 0.08676143465815471
0 0.23828125 0.47525296468992684 0.134375 0.07890802434972918
0 0.24375 0.564410922076253 0.1421875 0.074356892044481
0 0.22734375 0.6508432999172744 0.1421875 0.079044392044481
0 0.1234375 0.7076233595770768 0.12265625 0.10057847280760157
0 0.05625 0.8267630974022122 0.06015625 0.1666750312495882