0 0.65 0.771875 0.06484375 0.1734375
0 0.5625 0.38125 0.0625 0.165625
0 0.65859375 0.2390625 0.0625 0.165625
0 0.49296875 0.10078125 0.0671875 0.1734375
0 0.178125 0.9203125 0.134375 0.071875
0 0.08046875 0.7859375 0.06484375 0.178125
0 0.2359375 0.80859375 0.134375 0.084375
0 0.2171875 0.72109375 0.13203125 0.08203125
0 0.22265625 0.64296875 0.12734375 0.0796875
0 0.21484375 0.55625 0.13203125 0.0796875
0 0.20546875 0.4734375 0.12734375 0.071875
0 0.2015625 0.3859375 0.125 0.084375
0 0.21171875 0.2796875 0.15390625 0.0796875
0 0.2203125 0.03984375 0.1421875 0.0796875
0 0.11171875 0.146875 0.06015625 0.178125
0 0.0453125 0.13671875 0.0625 0.178125
0 0.02890625 0.34765625 0.0578125 0.18984375
0 0.09609375 0.34765625 0.0578125 0.18984375
0 0.09140625 0.56953125 0.0671875 0.1828125
0 0.44765625 0.93828125 0.0640625 0.1234375