0 0.8754059408735 0.7359375 0.10179027985783762 0.1734375
0 0.8861308591968232 0.50390625 0.1067414002711466 0.21875
0 0.8914597503927835 0.259375 0.09944652985783761 0.1734375
0 0.8918647922526736 0.05546875 0.10142666549465282 0.1109375
0 0.5597921147559681 0.196875 0.08072380093507654 0.178125
0 0.5396189526791609 0.57578125 0.08776868647369582 0.18046875
0 0.5540985674351291 0.77265625 0.0611470991396784 0.1703125
0 0.20050593482337584 0.71875 0.14997324980360824 0.1296875
0 0.12154916696759081 0.86171875 0.08556583703942992 0.2046875
0 0.37263091969806533 0.67578125 0.1708988281606353 0.10078125
0 0.39193997678146186 0.5796875 0.19037553600615756 0.09140625
0 0.3863217567374952 0.47109375 0.1544107649289188 0.08671875
0 0.05001103113438381 0.66953125 0.0807647075509347 0.18515625
0 0.03759161353802471 0.86796875 0.07518322707604942 0.1875
0 0.2051313649523599 0.3265625 0.07765334308955411 0.1875
0 0.2879756812091386 0.32109375 0.08073743647369583 0.18046875
0 0.3920869851692771 0.1515625 0.08998517144658118 0.15859375
0 0.3047642471713296 0.12109375 0.07281130698520064 0.1609375
0 0.2141665182485685 0.11640625 0.08071016539645699 0.17578125
0 0.12273299717132961 0.12109375 0.09022152078265125 0.19921875
0 0.037255826819947054 0.11171875 0.07451165363989411 0.18984375
0 0.03424734431225001 0.31875 0.06849468862450002 0.146875
0 0.11918477459328028 0.328125 0.08073743647369587 0.18046875