0 0.8925333368456101 0.7257014092139146 0.10380861282348768 0.17461019601368122
0 0.8978582163114848 0.49356107121264187 0.10928704545304768 0.21997724001431754
0 0.8974961574657565 0.24898436787877828 0.10146486282348768 0.17458292401336306
0 0.8931557106327371 0.05057115327619581 0.1027176712654743 0.10114230655239162
0 0.5643739659077428 0.19034790125718531 0.08279668344033872 0.17905224801081765
0 0.5530190491032003 0.5694632365929579 0.08986884374876425 0.18147781401177224
0 0.5720805150109431 0.7661564232575035 0.0631290657455871 0.17101248134149963
0 0.21723332791715638 0.7163682453055468 0.15148245373287822 0.13142381735359
0 0.14160385673111248 0.8602460619828189 0.08794783360249454 0.20566929201145392
0 0.388358305596022 0.6713995486155477 0.17207164326229699 0.10276301535645338
0 0.4054309829505761 0.5750876226130025 0.19143925202859488 0.09361528202577159
0 0.3972854719935275 0.4665665979471843 0.15541993141174384 0.08850961135422644
0 0.06559296144022067 0.6689039939926822 0.08291941436561527 0.18608349801081764
0 0.054994200886913855 0.8675051259945912 0.0829603246740408 0.18842724801081764
0 0.21273141964062106 0.3241534733052286 0.07983532467404082 0.18839088534372683
0 0.2954484622542949 0.31772111262731995 0.08283759374876425 0.18139599801081766
0 0.395614283278183 0.14698989461332063 0.09183076420345948 0.15963008601209036
0 0.30758244926865136 0.11753929929186553 0.074684174511885 0.16177384134309047
0 0.21687562865180032 0.11390631663750135 0.08275577313191329 0.17670849801081764
0 0.12555119926865135 0.11965742464990985 0.09253987621616835 0.20025508601209036
0 0.03945005803494931 0.11128239799490933 0.0775324849824663 0.19070736334340865
0 0.040720051945869355 0.3183409199952275 0.07209496266133196 0.14768406934277234
0 0.12682119317957138 0.3267159466502281 0.08283759374876426 0.18139599801081766