0 0.8796875 0.7359375 0.10078125 0.1734375
0 0.8890625 0.50390625 0.10546875 0.21875
0 0.89296875 0.259375 0.0984375 0.1734375
0 0.8921875 0.05546875 0.10078125 0.1109375
0 0.5609375 0.196875 0.0796875 0.178125
0 0.54296875 0.57578125 0.08671875 0.18046875
0 0.55859375 0.77265625 0.06015625 0.1703125
0 0.2046875 0.71875 0.14921875 0.1296875
0 0.1265625 0.86171875 0.084375 0.2046875
0 0.3765625 0.67578125 0.1703125 0.10078125
0 0.3953125 0.5796875 0.18984375 0.09140625
0 0.3890625 0.47109375 0.15390625 0.08671875
0 0.05390625 0.66953125 0.0796875 0.18515625
0 0.03984375 0.86796875 0.0796875 0.1875
0 0.20703125 0.3265625 0.0765625 0.1875
0 0.28984375 0.32109375 0.0796875 0.18046875
0 0.39296875 0.1515625 0.0890625 0.15859375
0 0.30546875 0.12109375 0.071875 0.1609375
0 0.21484375 0.11640625 0.0796875 0.17578125
0 0.1234375 0.12109375 0.0890625 0.19921875
0 0.0375 0.11171875 0.07421875 0.18984375
0 0.03515625 0.31875 0.06953125 0.146875
0 0.12109375 0.328125 0.0796875 0.18046875