0 0.5639187224948218 0.5359850353187866 0.17140626324684405 0.09941471360105894
0 0.309176658792491 0.5329408067888088 0.17116072658635506 0.09238346360105894
0 0.10395344545297984 0.5387766745698392 0.16865328547936248 0.08768232806243947
0 0.26718753311710974 0.24759820442767672 0.16421132213985137 0.09468630698520064
0 0.8873834712288774 0.29260423662320534 0.18592263103285872 0.09012607201231529
0 0.9093613673536947 0.17323206790709866 0.18127726529261068 0.09245618647369583
0 0.9074696182395396 0.05605365826617827 0.1850607635209208 0.09715732201231528
0 0.22672124582364878 0.11770162616884552 0.1879389988188736 0.0807647075509347
0 0.03741320916315991 0.10957044272021177 0.07029763103285877 0.08945338544042356
0 0.07271084681944065 0.24802895472226433 0.13069941769334764 0.09683461426498888
0 0.26602443655212316 0.9738783824153614 0.1627926658792491 0.05224323516927711
0 0.07827889989163433 0.96640625 0.09140873920022681 0.0671875