0 0.5422126875538503 0.5423309650936686 0.16854144262201592 0.10136940543716158
0 0.28753427791292996 0.5363228782447632 0.16850053600615764 0.09433815543716158
0 0.08254468938076555 0.5397676578727936 0.1650893787615311 0.08960974512873605
0 0.2571620184449602 0.2506075206962813 0.1614829215447771 0.096559174511885
0 0.8756711239293503 0.3028140921206159 0.1833306504675381 0.09225350405718977
0 0.903710286398941 0.18376012905224687 0.18100053600615773 0.09455634374876425
0 0.9059545633299123 0.06659990259119719 0.18337155708339664 0.09928475405718977
0 0.2219790182485685 0.12029272930042345 0.18561985831306052 0.0829194143656153
0 0.033405125049097935 0.1099613810874323 0.06681025009819587 0.0902352621748646
0 0.06328654081378941 0.24877446509696394 0.12657308162757883 0.0983165434244527
0 0.22636795629339818 0.9747602666390914 0.16124657220870697 0.05047946672181709
0 0.04181777781473411 0.96640625 0.08363555562946821 0.0671875