0 0.509375 0.97734375 0.16328125 0.0453125
0 0.93046875 0.9625 0.1390625 0.07421875
0 0.7265625 0.96953125 0.228125 0.0609375
0 0.94609375 0.446875 0.084375 0.2015625
0 0.84375 0.4203125 0.08203125 0.15390625
0 0.7484375 0.446875 0.09375 0.1875
0 0.6609375 0.43125 0.10546875 0.18515625
0 0.55078125 0.43359375 0.08203125 0.2046875
0 0.45546875 0.4515625 0.0890625 0.1921875
0 0.353125 0.4390625 0.09140625 0.19453125
0 0.2453125 0.43515625 0.0765625 0.178125
0 0.15 0.446875 0.07421875 0.21171875
0 0.05078125 0.4515625 0.09140625 0.196875
0 0.1546875 0.13671875 0.0796875 0.2015625
0 0.053125 0.1421875 0.08203125 0.20703125
0 0.25 0.14921875 0.0765625 0.1875
0 0.34765625 0.16015625 0.0890625 0.2046875
0 0.45078125 0.14453125 0.09375 0.20703125
0 0.55625 0.1546875 0.0890625 0.19453125
0 0.6515625 0.15625 0.09609375 0.20703125
0 0.7546875 0.1625 0.09140625 0.18515625
0 0.84140625 0.1734375 0.0765625 0.16796875
0 0.9421875 0.1703125 0.09609375 0.196875