0 0.49800257586732427 0.9785879928990227 0.16380850867281788 0.0428240142019547
0 0.919269048536006 0.9651997064264346 0.1399261133434088 0.06960058714713072
0 0.7152809825350516 0.9713129603796051 0.22883407200827238 0.057374079240789654
0 0.9408938886060028 0.45237921242270857 0.08672039202736244 0.20205337939029935
0 0.8388592212762752 0.42522129390299357 0.08382211135422617 0.15438349385167988
0 0.7432376386060028 0.4512292819991369 0.09593176002545327 0.18804542154477705
0 0.6559194519414573 0.4350952218906783 0.10762323802513514 0.18576984923787415
0 0.5457359299411391 0.4367981015755653 0.08441300469445316 0.20516474385167993
0 0.45021434460536647 0.4542123396717086 0.09129880402608972 0.19270565046753813
0 0.34801604527373003 0.4411169211519936 0.09366982602640786 0.19506303600615774
0 0.24024899860759366 0.4365834363755 0.07863517202418073 0.17857042759490122
0 0.1448001386060028 0.44774767447164326 0.07668232069540774 0.21215054205628192
0 0.046187696809364735 0.45185793667008756 0.09237539361872947 0.19740678600615755
0 0.15309663331477358 0.13761869554888215 0.08203289202736234 0.2020261083130605
0 0.051470498647364527 0.142496572208707 0.08444027669477143 0.20750849385167994
0 0.24826368264641002 0.15067320745273882 0.07874426002545336 0.1879454275949013
0 0.3457926633115919 0.16217885489521494 0.09144425469445334 0.2052056504675382
0 0.44909947664704636 0.1471538185944697 0.09615902669477147 0.20757667154477705
0 0.554450047979001 0.1579236678323439 0.09132607602640785 0.1950494004675382
0 0.6497443666454555 0.1600406797362006 0.09850277669477148 0.2075903070833965
0 0.7527966413112738 0.16689064343545534 0.09356073802513513 0.18568803600615763
0 0.8393881219764555 0.17833265836437415 0.0785169933561356 0.1684141775949013
0 0.9402057346435466 0.1757939865250095 0.09838459802672617 0.19743405708339648