0 0.6558434821463879 0.5078888425764132 0.10694329545304768 0.21994996801399935
0 0.5533906379905865 0.5153297199236399 0.09492453652459396 0.20262610801240868
0 0.44638666152953677 0.5150126412715028 0.08785237621616826 0.20020054201145393
0 0.3488122321463878 0.5114614746180932 0.0952245454530476 0.2198136080124085
0 0.25034745860743746 0.5141693986314562 0.09510181452777111 0.2127823580124085
0 0.14102700568533816 0.5123170919796374 0.09267624391092007 0.20806758601209036
0 0.042352877436455806 0.5174051286600913 0.08470575487291161 0.22444656401177224
0 0.19234267492551269 0.9733449513049104 0.0875642297074605 0.049446564011772054
0 0.29296028369181065 0.9815472552912292 0.07395569724005649 0.03054202267663584
0 0.40862619400023614 0.9778580866088664 0.0724613810874322 0.03443009134309065
0 0.938379292616969 0.4757008618714605 0.10476318668674978 0.22929769601368122
0 0.7967174926963994 0.22349456655795957 0.1603528932622968 0.10262665535486262
0 0.8372351728903272 0.09492412388609615 0.21351880357072234 0.10558857069540777