0 0.6287877375916274 0.515625 0.11842149011264276 0.21875
0 0.5260069450169805 0.521875 0.10550087303236388 0.2015625
0 0.41908495566064224 0.5203125 0.09830573206687117 0.19921875
0 0.3217564875916274 0.515625 0.10670274011264294 0.21875
0 0.22320972694796568 0.5171875 0.1062110672161651 0.21171875
0 0.11405324823528917 0.5140625 0.10353953528517987 0.20703125
0 0.031694553823974445 0.51796875 0.06338910764794889 0.2234375
0 0.14114172803324648 0.97578125 0.0901058299535138 0.0484375
0 0.24126741417127606 0.98515625 0.07551345222957302 0.0296875
0 0.35705630513676867 0.9828125 0.07422410383872738 0.03359375
0 0.9128403094993696 0.48671875 0.11673330397461328 0.228125
0 0.7845014140944014 0.2328125 0.16564106151618213 0.10078125
0 0.8317420368746637 0.1046875 0.21892995248167466 0.103125