0 0.66484375 0.515625 0.103125 0.21875
0 0.5625 0.521875 0.09140625 0.2015625
0 0.45546875 0.5203125 0.084375 0.19921875
0 0.3578125 0.515625 0.09140625 0.21875
0 0.259375 0.5171875 0.09140625 0.21171875
0 0.15 0.5140625 0.0890625 0.20703125
0 0.0484375 0.51796875 0.08671875 0.2234375
0 0.209375 0.97578125 0.08671875 0.0484375
0 0.31015625 0.98515625 0.0734375 0.0296875
0 0.42578125 0.9828125 0.071875 0.03359375
0 0.946875 0.48671875 0.10078125 0.228125
0 0.80078125 0.2328125 0.15859375 0.10078125
0 0.8390625 0.1046875 0.21171875 0.103125