0 0.061396531560299485 0.6396068453214552 0.12120779102620174 0.19584939668204485
0 0.27652944163641163 0.6683387306254109 0.2227610207602467 0.10098288669636232
0 0.061025706768076636 0.11018297465786404 0.12205141353615327 0.19353291868236294
0 0.31175194760509173 0.2446921452896384 0.11263128707186905 0.1770084900143175
0 0.43960769216788426 0.2689734352721392 0.12248113095008964 0.22709939668204476
0 0.5757998601526618 0.2611416592536855 0.12472938045579803 0.2247829186823629
0 0.7035256121298282 0.2502848805697317 0.13391337946721488 0.2202045066836355
0 0.8378687786317309 0.24950253588482346 0.1383143779843401 0.21322780068427197
0 0.43599598905122294 0.8367149186028211 0.11203837946721476 0.21994996801399935
0 0.5573298195835706 0.8485780245862765 0.1318561309500897 0.2272084846833174
0 0.6869682400398063 0.8291093145687771 0.13742304003761846 0.19135280068427188
0 0.8270348245264867 0.8220133352164598 0.1393012164253533 0.23744655068427187
0 0.9339997489370546 0.7840673452021424 0.07600537897292341 0.21718804734245403