0 0.0875 0.640625 0.11328125 0.19453125
0 0.30390625 0.671875 0.21875 0.0984375
0 0.06484375 0.1109375 0.115625 0.1921875
0 0.321875 0.2484375 0.10546875 0.17578125
0 0.45078125 0.27421875 0.11328125 0.22578125
0 0.58671875 0.26796875 0.115625 0.2234375
0 0.7140625 0.25859375 0.125 0.21875
0 0.8484375 0.259375 0.1296875 0.21171875
0 0.4703125 0.8421875 0.103125 0.21875
0 0.5921875 0.85546875 0.12265625 0.22578125
0 0.72109375 0.8375 0.1296875 0.18984375
0 0.8609375 0.83203125 0.1296875 0.2359375
0 0.96640625 0.7953125 0.0671875 0.21640625