0 0.6633515112164856 0.5453780732888616 0.22942492134838535 0.22476469242562408
0 0.22301688182618626 0.4635620093697739 0.13308118647369582 0.18123688534222776
0 0.25081671242270853 0.9446665636245001 0.1396897347764936 0.108621541958086
0 0.7925446284083406 0.728226413844333 0.30865335821486467 0.1463220507386847
0 0.8891025664484179 0.833903721222317 0.22179486710316415 0.17475105688700482
0 0.9065913148131421 0.9548974772724412 0.18681737037371562 0.07533686416679294
0 0.7268089814568439 0.30671957338705735 0.30210844242562407 0.2298748941228264
0 0.2451817315550398 0.24467565398357963 0.1334175297596417 0.2390493853422277
0 0.6060778040583343 0.10321258923933203 0.19809310811666875 0.20642517847866407
0 0.7856471293902993 0.08214344706616564 0.17128971360105893 0.16428689413233127
0 0.2673329457452739 0.024422762198444276 0.13779089149054774 0.04884552439688855