0 0.42890625 0.446875 0.09375 0.2546875
0 0.18125 0.453125 0.1703125 0.1703125
0 0.18046875 0.6578125 0.1734375 0.18046875
0 0.18984375 0.828125 0.16328125 0.18046875
0 0.2640625 0.9203125 0.16796875 0.15859375
0 0.5953125 0.625 0.084375 0.2453125
0 0.6140625 0.3859375 0.15625 0.228125
0 0.7671875 0.296875 0.1734375 0.1515625
0 0.7953125 0.13828125 0.2015625 0.11796875
0 0.25234375 0.28984375 0.178125 0.15625
0 0.21640625 0.15 0.178125 0.19453125
0 0.17578125 0.06640625 0.15859375 0.13203125
0 0.88671875 0.7140625 0.09609375 0.2546875
0 0.9671875 0.68359375 0.06015625 0.30078125