0 0.3760167003224601 0.9815458273307229 0.1345977137974506 0.03690834533855423
0 0.14791442622015916 0.9845090827964244 0.19236930718159234 0.030981834407151253
0 0.39581559503446173 0.8944600897699043 0.20998859923787422 0.10668685811666875
0 0.14349911611170058 0.8976794967785462 0.22408291549465287 0.11223742134838517
0 0.39349405005131366 0.7639822494108248 0.22642666549465282 0.1122510568870048
0 0.1654008663080923 0.7681238069852007 0.18811359923787419 0.1065595930895542
0 0.3856401225546082 0.6225350927949667 0.21701984923787415 0.10672776473252696
0 0.14590545686356365 0.6398897226762452 0.21230507816063535 0.10201299365528822
0 0.14513732152133593 0.5078584726762452 0.21696530708339648 0.09735276473252696
0 0.38258732454639804 0.5006464572563472 0.20213519262201593 0.09961015632127079
0 0.3857845265381879 0.3787941831540461 0.20997496369925478 0.10434310811666876
0 0.1514277072563471 0.38055562929210346 0.21707893657189176 0.11688401473252705
0 0.3849845749391815 0.24129418315404613 0.20997496369925478 0.10434310811666876
0 0.14835218335043787 0.25476074375348406 0.2216664426220159 0.09972378580976589
0 0.1570135901626879 0.13215903590796177 0.21229144262201594 0.0996692436552882
0 0.37558178298109557 0.10218168617910825 0.20208065046753826 0.0902351563212707
0 0.38523806323171655 0.01630327351312577 0.22360112646343308 0.029424921348385334
0 0.14697953912941558 0.018823243753484067 0.23067782825883118 0.037278327964243615