0 0.5155814889799061 0.669837798299012 0.08291301483072289 0.15299436079489298
0 0.4335093323640479 0.6783009090939048 0.07261586426498882 0.12859833279171565
0 0.3639917179026672 0.6771708315771949 0.06335449375348415 0.14796594155801354
0 0.2912763805686497 0.6885953011383857 0.07264313534222762 0.13328583279171563
0 0.21239285646634878 0.686066364855378 0.07265677088084707 0.13562958279171564
0 0.13427240164588858 0.686648791802895 0.06569824375348406 0.14800685186643908
0 0.0631877420049682 0.6863272378251354 0.0681101714465812 0.1597665121748646
0 0.040723431307334426 0.38518747767886563 0.06332722267624522 0.14327844155801364
0 0.18537285597536945 0.3623521753259592 0.06796927088084712 0.13554776217486458
0 0.18231096760807966 0.4858305856343847 0.13475224990180412 0.06718927434972918
0 0.36515982904439814 0.4763895815771949 0.1394261143631847 0.06492734496658023
0 0.2610859282822723 0.3727481586868677 0.06559824980360833 0.13081935186643906
0 0.3329836541799714 0.3675873258951521 0.051576656419466536 0.1376051400158861
0 0.40643478971859076 0.3639617195644861 0.06335449375348401 0.14796594155801363
0 0.47756035597536944 0.35725202354224567 0.06562552088084708 0.13550685186643907
0 0.5564620607958297 0.35665595982525344 0.06567097267624522 0.14331935186643907
0 0.6314029734618121 0.36550307995563713 0.06555734318774994 0.12378810186643907
0 0.7049313770526083 0.3485962236249712 0.067996541958086 0.1402352621748646
0 0.9125438891528568 0.3793438429445759 0.07510051483072289 0.15285799310014117
0 0.9754256842342006 0.3126279013865624 0.046121541958086 0.13985343262955982
0 0.9095466750608185 0.2231620267919518 0.07735790641946635 0.13805515340856667
0 0.7264347140920382 0.14355416761861675 0.1425511143631848 0.06498189204448095
0 0.7980057079437181 0.06028197159637627 0.15909826492891882 0.08948701420345953
0 0.9061500060501242 0.009314686285479297 0.05332044272021186 0.018629372570958595