0 0.0265625 0.45703125 0.03359375 0.10546875
0 0.0640625 0.4578125 0.0265625 0.0796875
0 0.45546875 0.0453125 0.06953125 0.03828125
0 0.53359375 0.03359375 0.0484375 0.0625
0 0.646875 0.04296875 0.03359375 0.071875
0 0.6984375 0.015625 0.05078125 0.03125
0 0.96796875 0.02734375 0.0328125 0.0546875
0 0.93046875 0.3078125 0.04296875 0.10078125
0 0.703125 0.08046875 0.07421875 0.06953125
0 0.703125 0.14921875 0.0796875 0.0671875
0 0.7125 0.20703125 0.07421875 0.0578125
0 0.709375 0.26328125 0.071875 0.06015625
0 0.6453125 0.29921875 0.040625 0.103125
0 0.71015625 0.32578125 0.06015625 0.05546875
0 0.4625 0.1 0.07421875 0.040625
0 0.5328125 0.13828125 0.07421875 0.0453125
0 0.5421875 0.2234375 0.03125 0.09140625
0 0.09140625 0.25 0.03359375 0.09609375
0 0.134375 0.240625 0.03359375 0.08203125
0 0.171875 0.2453125 0.03125 0.08671875
0 0.2078125 0.2515625 0.03125 0.0890625
0 0.24375 0.24765625 0.0359375 0.09140625
0 0.28515625 0.2484375 0.03125 0.084375
0 0.32421875 0.24765625 0.03828125 0.08671875
0 0.365625 0.24296875 0.03359375 0.09140625
0 0.39921875 0.2484375 0.03359375 0.0890625
0 0.4390625 0.24765625 0.03125 0.08671875
0 0.10234375 0.46015625 0.03125 0.0890625
0 0.14296875 0.459375 0.03125 0.09140625
0 0.18359375 0.4578125 0.03125 0.084375
0 0.225 0.4546875 0.03125 0.09609375
0 0.2671875 0.45546875 0.03359375 0.084375
0 0.30390625 0.459375 0.03125 0.09140625
0 0.3484375 0.45078125 0.03359375 0.09375
0 0.54921875 0.5109375 0.0359375 0.09375
0 0.5515625 0.625 0.040625 0.09140625
0 0.10546875 0.80078125 0.0671875 0.03828125
0 0.0796875 0.884375 0.0765625 0.04296875
0 0.25390625 0.9015625 0.0796875 0.04296875
0 0.36796875 0.83984375 0.071875 0.0453125
0 0.50625 0.8953125 0.07421875 0.040625
0 0.65390625 0.89921875 0.09609375 0.053125
0 0.6296875 0.834375 0.0765625 0.04296875
0 0.79296875 0.78359375 0.0671875 0.04296875
0 0.85234375 0.84140625 0.07421875 0.03828125
0 0.87265625 0.89765625 0.08203125 0.0453125
0 0.98203125 0.83671875 0.0359375 0.04296875
0 0.971875 0.61796875 0.05625 0.0484375
0 0.7125 0.384375 0.06953125 0.0578125
0 0.71484375 0.44375 0.0796875 0.06015625
0 0.71875 0.50390625 0.0671875 0.06015625
0 0.7328125 0.5515625 0.0671875 0.07421875
0 0.74765625 0.60078125 0.0671875 0.0625