0 0.0609375 0.023365322008272345 0.121875 0.04673064401654469
0 0.2818852519891823 0.0829783213717255 0.0662982566836356 0.12575452534213596
0 0.15015344665022803 0.12285733935390815 0.0640363226845901 0.1327585033418178
0 0.21732276531668263 0.12520163669636225 0.05447041868236295 0.11624316534054513
0 0.34625628731700075 0.12435784671386148 0.0616107566836356 0.12569998134149962
0 0.4140977679821827 0.1360862347230883 0.05455223468331738 0.12327441534054513
0 0.48768980931731887 0.12365950739972423 0.06161075668363551 0.12569998134149962
0 0.6299591253182735 0.11828275875235969 0.07109484468490841 0.1351840693427723
0 0.7042687819860006 0.11133387209576832 0.061274402013044946 0.09679373134149963
0 0.7689398093173189 0.1269321474379043 0.061665300684271784 0.13038748134149963
0 0.9679312926480008 0.14878151746494847 0.06235564401654479 0.12258407200827234
0 0.8051392966263655 0.3062838401097677 0.13262214334022682 0.0523175726845901
0 0.9460279259627743 0.2852639101288577 0.09715735801240868 0.09252440201304486
0 0.8191467052832749 0.3783315627784494 0.14277839334022682 0.05243575135263549
0 0.9325183146085483 0.4390338001272669 0.12578179734245437 0.06864200668363551
0 0.963149601925549 0.5597190174649486 0.0624283693507266 0.1288340720082722
0 0.14561665658818543 0.5798976800206809 0.061810751352635494 0.14288748134149962
0 0.2191632445894581 0.5713772026973167 0.05906701201463571 0.10848520934118148
0 0.28629620058882177 0.5768465000397709 0.05918519068268111 0.11864145934118149
0 0.35262063458786724 0.5846504567154522 0.061692572684590094 0.1327312313414996
0 0.4190087032543218 0.5869856633911337 0.06400905068427196 0.13041475334181776
0 0.4909291565881855 0.5839157547342242 0.06392723468331737 0.12338350334181776
0 0.5628041565881855 0.5847520960773146 0.05929427868395365 0.1280164593411815
0 0.6300643819223672 0.5792838934197688 0.06400905068427196 0.13041475334181776
0 0.7010672252546399 0.5879236440960864 0.06161075668363551 0.12569998134149962
0 0.7674643845878674 0.5894776007717679 0.06398177868395365 0.12807100334181776
0 0.604008222549369 0.8712077640833599 0.061692572684590094 0.1327312313414996
0 0.5280542498806874 0.8851697194064057 0.05929427868395365 0.1280164593411815
0 0.4546803845480964 0.8788464467297699 0.06627098468331738 0.12341077534213589
0 0.38288720054905084 0.8709788553866794 0.0664982513526355 0.1429420253421359
0 0.30939515654841454 0.8748118327100436 0.06392723468331737 0.12338350334181811
0 0.23514913454809636 0.8762919693666348 0.06877836668522645 0.13750054734245437
0 0.16014913454809637 0.8754192653564534 0.0640363226845901 0.1327585033418181
0 0.09298890654841453 0.8722937180139994 0.054379512014635686 0.10843066534054521
0 0.02773790894535479 0.8738556706715453 0.05547581789070958 0.13739145934118113
0 0.9686787025382332 0.9516754193984515 0.04187951201463562 0.09664916120309712