0 0.06133296631477993 0.02265625 0.12266593262955985 0.0453125
0 0.28420345048646733 0.0796875 0.06702563311602727 0.125
0 0.15367619926865134 0.12109375 0.06480461404130371 0.13203125
0 0.22089097280760167 0.12265625 0.05514324188232515 0.115625
0 0.34975631249917616 0.1203125 0.062338133116027185 0.125
0 0.4179159772718286 0.13125 0.055265972807601614 0.12265625
0 0.4911216521907507 0.11796875 0.062338133116027095 0.125
0 0.6331864212654741 0.1109375 0.0718767743497292 0.134375
0 0.7072688035707224 0.103125 0.061833572645445936 0.09609375
0 0.7723716521907507 0.11796875 0.06241995373287814 0.1296875
0 0.9701994517042835 0.1375 0.05960109659143313 0.121875
0 0.8137757224005646 0.296875 0.13291764001588585 0.05078125
0 0.9525803150357437 0.27421875 0.09483936992851269 0.09140625
0 0.8298740551922801 0.36875 0.14307389001588583 0.05078125
0 0.9409432842924804 0.428125 0.11811343141503912 0.0671875
0 0.9737586485373028 0.5484375 0.05248270292539452 0.128125
0 0.1624349594116258 0.578125 0.0626381420444809 0.1421875
0 0.23570881817792375 0.56875 0.059694374187573465 0.1078125
0 0.30297813879477475 0.5734375 0.059871652190750704 0.11796875
0 0.36950711972005135 0.58046875 0.06246086404130367 0.13203125
0 0.4359406432590017 0.58203125 0.06476370373287814 0.1296875
0 0.5077474594116258 0.578125 0.06464097280760175 0.12265625
0 0.5796224594116257 0.578125 0.060035293424452615 0.12734375
0 0.6467008652558244 0.571875 0.06476370373287814 0.1296875
0 0.7179309829505762 0.5796875 0.062338133116027095 0.125
0 0.7843508697200513 0.58046875 0.06472279342445279 0.12734375
0 0.629144767039538 0.8640625 0.06246086404130367 0.13203125
0 0.5536226156595662 0.87890625 0.060035293424452615 0.12734375
0 0.48008965827324007 0.8734375 0.06698472280760157 0.12265625
0 0.4080919273479635 0.86640625 0.067325642044481 0.1421875
0 0.33473624796481455 0.87109375 0.06464097280760175 0.12265625
0 0.26055840827324006 0.8734375 0.06957393465815472 0.13671875
0 0.18555840827324005 0.8734375 0.06480461404130375 0.13203125
0 0.11832999796481454 0.87109375 0.05500687418757346 0.1078125
0 0.05118340827324005 0.8734375 0.060198934658154735 0.13671875
0 0.987474095370322 0.94609375 0.025051809259355906 0.1078125