0 0.16812383867759043 0.08241415268936259 0.16682496801399935 0.10505222135581715
0 0.3394272213558171 0.16955216804581608 0.18147781401177224 0.08881869402449886
0 0.3532999120384982 0.28766636871417967 0.17667213534372675 0.0786079000238626
0 0.17165956070972527 0.31914199335613536 0.11255563868554459 0.14035337468172654
0 0.14836915340545123 0.5329045013526355 0.08900959802672603 0.19788406401177222
0 0.40808050807604196 0.5648288527211793 0.084322098026726 0.1978295200111358
0 0.49813334341181453 0.5838430294000424 0.07609142735518085 0.1618011133434086
0 0.5957350494111783 0.5802918627466327 0.09384254869508961 0.2104386080124085
0 0.7878225520766783 0.5739344167727224 0.09369709802672617 0.1979386080124085
0 0.895453238741224 0.5595639287873582 0.09366982602640803 0.19559485801240867
0 0.9761101560311805 0.5714832207988121 0.04777968793763918 0.2021806653405452