0 0.442705640208297 0.18145155054229295 0.11112903127452381 0.19514484923787417
0 0.16586800705962898 0.2509226714465812 0.1853357579175588 0.08778232201231528
0 0.16831470862983935 0.36185562626704143 0.1826964912245114 0.07761243647369583
0 0.1716563204666064 0.47669937626704134 0.18738399122451135 0.07763970755093474
0 0.6224255471096414 0.37152762557967034 0.20721075791755883 0.08790958703942993
0 0.623264284573229 0.48088899004105096 0.16339256175762476 0.08531130698520073
0 0.63336436177026 0.5863986466569091 0.22616534639736088 0.09504992134838516
0 0.1689836130239013 0.5727613100102628 0.18269649122451134 0.07761243647369583
0 0.16854465848419004 0.7992829033944044 0.17830450791755884 0.0877414153964569
0 0.49519207501895296 0.7504106288011242 0.11723427876724131 0.21705166549465282
0 0.9041589319076622 0.9286235498549219 0.19168213618467575 0.09501355991206673