0 0.16194195009266724 0.10450517193756052 0.2098958443723699 0.08323572257804934
0 0.15499749092950735 0.21389835265571974 0.22235120435383648 0.10439765027114652
0 0.14651781361751287 0.32251937373295864 0.22687501324684392 0.09973742134838534
0 0.1348585726031875 0.4327210755283567 0.16857143992586626 0.08533857806243947
0 0.13300091752371163 0.5530199399897373 0.1885937632468439 0.09951470755093475
0 0.12616558576521342 0.6592881207078964 0.1951339399258662 0.08549311416679295
0 0.13047608513224124 0.7818943737329587 0.21717263103285878 0.09030787919390768
0 0.16514371789438054 0.9746222292173489 0.2180977247722565 0.04969651473252697
0 0.5984299330479902 0.9361712449318343 0.2269568588003402 0.10208117134838517
0 0.6009869925739698 0.818211585290914 0.22028027286549073 0.11219651473252697
0 0.6026536746952877 0.7033814708295335 0.21959822658635506 0.09266526473252715
0 0.6108332516444624 0.6033541997522945 0.20981399881887378 0.08089197257804948
0 0.6034151104448027 0.502636582265852 0.23107143992586607 0.08570219242562409
0 0.6087970696079626 0.3932524919067723 0.21474703547936258 0.08795049365528822
0 0.6137524428362731 0.27371669672723253 0.2220238221398514 0.09502265027114642
0 0.6071973971901097 0.17065078406125003 0.21951638103285873 0.09032151473252706
0 0.6113169567160892 0.052682034061250035 0.23390626324684405 0.09977832796424362