0 0.47163903846716676 0.49988832061355576 0.10064016066226814 0.15792732264544576
0 0.5723855330568904 0.6102957609537534 0.07835598370266403 0.14348299310014118
0 0.9452500347062431 0.47532606614603357 0.08713159012915454 0.14988299756436801
0 0.9429386916075874 0.2861271984512819 0.10318849914207036 0.16499948295387146
0 0.9132381344023092 0.09801354382489923 0.1004355721824659 0.1508960726454459
0 0.5564579708370473 0.37865029463897343 0.08040421700961656 0.13336765340856668
0 0.4441539183171296 0.8534945616851021 0.14935044530200411 0.16814780235290633
0 0.23961483399396255 0.7373671810047068 0.07883335682220212 0.15988924310014135
0 0.07930058602239985 0.6758278887980701 0.1586011720447997 0.0631290657455871
0 0.07928236272795039 0.6000466387980701 0.15856472545590078 0.07007849512873605
0 0.23765283188239147 0.5630257000794302 0.08409751834240006 0.15295345048646744
0 0.07585649168672978 0.515507997564368 0.15171298337345956 0.07476599512873605
0 0.07336798917944733 0.21857845048646735 0.07614862602253203 0.14812958279171565
0 0.011902954935422646 0.21665171185055304 0.023805909870845292 0.1364284237011061
0 0.2433849724863999 0.2317075162320544 0.076148626022532 0.14812958279171565
0 0.2377667729612536 0.048704101459402016 0.07681020407749281 0.09035799310014114
0 0.5646438585380618 0.17790995494739895 0.0954525554894186 0.14065800202859488
0 0.5548095204539711 0.03235199309684587 0.09272470909205772 0.04690800202859489
0 0.5748787325820368 0.7932446286485051 0.09374530298213628 0.16249209172016937