0 0.8587461096586889 0.75703125 0.09146974914207036 0.16328125
0 0.8938211062934766 0.9421875 0.0877393438900782 0.115625
0 0.48217524947127455 0.78359375 0.15215118487716292 0.10078125
0 0.3104199214163138 0.84140625 0.15160561559769076 0.08203125
0 0.2945244852855096 0.7515625 0.16309704506457737 0.07421875
0 0.28986206584775287 0.671875 0.11544079506457736 0.07421875
0 0.7264778642775426 0.5609375 0.08864862602253201 0.146875
0 0.47966035174113025 0.6703125 0.14441524122451135 0.0765625
0 0.46824782713052393 0.5734375 0.16091241943775678 0.0796875
0 0.44624714350700234 0.46171875 0.15629311559769082 0.08203125
0 0.2614402344940868 0.446875 0.14427884890464338 0.071875
0 0.24855613809672591 0.353125 0.15131009890464336 0.071875
0 0.2444021840192331 0.2640625 0.14427884890464338 0.071875
0 0.22764292986259801 0.14453125 0.10273620658477525 0.0671875
0 0.22254024122451135 0.0765625 0.11810514231986799 0.0046875
0 0.4688218593294846 0.13671875 0.08416571450233405 0.15390625
0 0.7046159214828208 0.3734375 0.0890578029821361 0.1609375
0 0.6682104423990103 0.03515625 0.0715544027447093 0.06953125
0 0.4537160333860949 0.0203125 0.07071331677218975 0.040625
0 0.774724866851332 0.07109375 0.08851223370266403 0.1421875
0 0.9745142666930473 0.1046875 0.05097146661390539 0.16875
0 0.9868800346231094 0.3296875 0.026239930753781237 0.15390625
0 0.9956036483403382 0.515625 0.008792703319323535 0.13203125
0 0.8167725921742187 0.4421875 0.09381349914207035 0.16328125
0 0.8083282916993649 0.259375 0.09133335682220212 0.15859375