0 0.894083147943985 0.7521633627128648 0.09909146328203597 0.1637857649289188
0 0.9378009496083035 0.937146895890352 0.0931365385920639 0.11611587939029917
0 0.5187521838367566 0.7809211844305924 0.1568554964755151 0.1016493792921036
0 0.34969545313278844 0.8397427142884301 0.15543470643355875 0.08289937929210334
0 0.32960625084841455 0.7499762323406067 0.1665614605827436 0.07515505698520072
0 0.3212241431701003 0.6703023678792261 0.11890521058274368 0.07487780103327228
0 0.7526615520885256 0.5568059317983137 0.09550452199532415 0.14736587939029935
0 0.5109494939999373 0.6676353892510526 0.14798905933798814 0.07738972267624522
0 0.4950149954498298 0.5708103862259905 0.1646321076783142 0.08061017144658127
0 0.46779945478317353 0.45920072053494587 0.16012220643355873 0.08292665036934235
0 0.2822996626666249 0.4454296329063408 0.14763386182749913 0.07270222267624522
0 0.2650394624568434 0.3517387202403583 0.15466511182749915 0.07274312929210351
0 0.25672820975755106 0.2626853105994379 0.14763386182749913 0.07270222267624522
0 0.2343894232400797 0.14323132865161464 0.10587241431701004 0.0677738281606353
0 0.22611405933798817 0.0752807593697739 0.1183239475104891 0.00537382211051114
0 0.4752036773892646 0.13401436817381374 0.09134981826105779 0.15436985831306052
0 0.7220474016689626 0.3694013805686497 0.09657011452679143 0.16142837939029936
0 0.669851481328668 0.03312127608126236 0.0748000130722545 0.06624255216252473
0 0.4546641892121193 0.019095528178216175 0.07260962842423861 0.03819105635643235
0 0.7780434122424176 0.06896887856513936 0.09514932448483523 0.13793775713027873
0 0.9749883446060597 0.09901966111385836 0.0500233107878806 0.16904998184962738
0 0.9927786578869344 0.32397420931846027 0.014442684226131064 0.1540880571815924
0 0.8374132151561359 0.43751051025353666 0.10143521328203597 0.16379940046753813
0 0.820435512247062 0.2547161909716959 0.09873626577154689 0.15909826492891882