0 0.36640625 0.22265625 0.0796875 0.1421875
0 0.53515625 0.2203125 0.06953125 0.1421875
0 0.75859375 0.20078125 0.06953125 0.13671875
0 0.63984375 0.0296875 0.1328125 0.059375
0 0.0421875 0.21640625 0.0796875 0.14453125
0 0.04296875 0.59375 0.0671875 0.134375
0 0.19609375 0.56953125 0.07421875 0.14453125
0 0.35703125 0.5875 0.0796875 0.1421875
0 0.4328125 0.5921875 0.0671875 0.13671875
0 0.5171875 0.57578125 0.0765625 0.12734375
0 0.603125 0.5796875 0.0765625 0.1390625
0 0.775 0.56640625 0.06953125 0.13671875
0 0.7828125 0.7359375 0.07421875 0.14921875
0 0.5328125 0.8265625 0.0796875 0.134375
0 0.44609375 0.82578125 0.06953125 0.1421875
0 0.3546875 0.82109375 0.07421875 0.12734375
0 0.27734375 0.83046875 0.0796875 0.13671875
0 0.19375 0.82421875 0.07421875 0.1296875
0 0.03828125 0.8453125 0.0765625 0.13671875