0 0.35733370304229917 0.2183927272835932 0.08548119665368965 0.14311474801081767
0 0.5261792035365909 0.21408539326068515 0.07532494665368965 0.14299656934277225
0 0.7504125409890208 0.19195421256368655 0.07510211216700924 0.13752781934277225
0 0.6386340770723066 0.02635122529441088 0.1352318458553869 0.05270245058882176
0 0.03807898480053369 0.215915353994273 0.07615796960106738 0.14545849801081764
0 0.027553361141245035 0.5932500133275003 0.05510672228249007 0.1351567973424542
0 0.1728871298871443 0.5672494926400466 0.08010794714798122 0.14539486334340862
0 0.33309245943090876 0.5833455652848658 0.08548119665368965 0.14311474801081764
0 0.4086827084423256 0.5871512706079118 0.07275836216700923 0.1375005473424542
0 0.49372621190236676 0.5697632285964578 0.08175136018984297 0.12823463534372675
0 0.5795045444118807 0.5726695052514583 0.08222886266130089 0.13995338534372675
0 0.7519207138795331 0.5573883085614594 0.07510211216700924 0.13752781934277233
0 0.7528253447924416 0.7268286518937321 0.08029894813656444 0.1500823633434088
0 0.4991326590131669 0.8203626652610033 0.08516286167271758 0.13530224801081764
0 0.4124457425112641 0.8205904792727756 0.07532494665368965 0.14299656934277216
0 0.3212304934998473 0.8169665872851841 0.07940761018984296 0.1282073633434087
0 0.24350474152268092 0.8272415632956835 0.08525836216700924 0.13764599801081764
0 0.16016565950745848 0.8219642646403649 0.07950311068413449 0.1305511133434087
0 0.022452043071169416 0.8448670573281365 0.04490408614233883 0.13760963534372692