0 0.8274672234019451 0.74375 0.09447931145475712 0.13203125
0 0.824975390195695 0.603125 0.08739351006798621 0.1296875
0 0.8161244542159032 0.4578125 0.07987195079743055 0.1421875
0 0.8070728432742363 0.2703125 0.07998105357097245 0.146875
0 0.7970945119678472 0.0765625 0.07936280452090294 0.1203125
0 0.49478712955902787 0.078125 0.07518445079743064 0.1421875
0 0.5059097335668404 0.25390625 0.07036966422829885 0.13671875
0 0.5199235610735073 0.55390625 0.07551175911805572 0.15625
0 0.5393489743518757 0.7171875 0.07707360590767358 0.12265625
0 0.37348693179882 0.6734375 0.14609505642076392 0.0671875
0 0.38260605223979216 0.5953125 0.15318085780753482 0.06953125
0 0.3753734740675352 0.51953125 0.1311422036472223 0.0625
0 0.168548124712466 0.83046875 0.08588621466513904 0.165625
0 0.08342758909326456 0.7984375 0.06987870174736122 0.115625
0 0.02906478457236168 0.678125 0.02790810087368061 0.0578125
0 0.128351044071667 0.4125 0.07294980357097235 0.146875
0 0.052206118159861446 0.396875 0.07545720773128486 0.15390625
0 0.20287826538631978 0.3921875 0.0680804656150695 0.1390625
0 0.2840016320275698 0.4203125 0.06998780452090295 0.1203125
0 0.3554915062682641 0.2359375 0.0832697077312849 0.15390625
0 0.27565853590354183 0.2296875 0.07763730357097236 0.146875
0 0.19284603590354185 0.2296875 0.080090156344514 0.1515625
0 0.1196267414506252 0.2390625 0.07785550911805568 0.15625
0 0.043463631743229356 0.22265625 0.08019925911805569 0.15625