0 0.7971740454596382 0.7390366488172182 0.09371086404130366 0.13256303600615774
0 0.8004099139651688 0.5984071036376785 0.08663870373287814 0.13017837939029936
0 0.7974776030875504 0.4531264198944571 0.079044392044481 0.14263292759490126
0 0.7960629277615912 0.2656536909716959 0.07912621266133187 0.1473204275949013
0 0.7939760965914334 0.07193550722847458 0.07866256249917622 0.12075792759490127
0 0.491605073052483 0.07525699171038061 0.07435689204448082 0.1426056565176624
0 0.49556804992056974 0.2509973350945224 0.06957393465815472 0.13710963544042357
0 0.49736278044210447 0.5509564284786641 0.07460235389503396 0.15666815651766247
0 0.510137695621794 0.7141467748878678 0.07635972280760175 0.12308804205628192
0 0.3460576047124035 0.6713558077707675 0.1457040121748646 0.06802835821486468
0 0.35835878165992047 0.5931671752572102 0.15277617248329012 0.07041301483072289
0 0.354212798299012 0.5174177415139889 0.13077844155801363 0.06325449980360816
0 0.1347228640478943 0.8296006207078965 0.08492224512873604 0.16610224385167988
0 0.05090697159637627 0.7980602500981958 0.06920574188232516 0.11601588544042354
0 0.007615172283066869 0.6780477319478233 0.015230344566133739 0.05796703610435348
0 0.11154978571711024 0.411809132709949 0.07209496266133195 0.147279520979043
0 0.036660996449958946 0.39662501512531045 0.07332199289991789 0.15432440651766247
0 0.18690434172346468 0.39106029547412746 0.06727109496658024 0.13943974990180408
0 0.26688216802235853 0.4187171419815271 0.06928756249917623 0.12070338544042354
0 0.3458816956184987 0.23390125956616564 0.08237394358660843 0.15436985831306052
0 0.2663032897743 0.22811486787922614 0.07678246266133196 0.14730679205628183
0 0.18349078977430003 0.2285966569104459 0.079208033278183 0.15200792759490123
0 0.10988964854059798 0.23839890378718792 0.07694610389503401 0.15668179205628183
0 0.037019848823546773 0.22243353620254935 0.07403969764709355 0.1566954275949013