0 0.12535469718226036 0.25625 0.11538195253973793 0.06015625
0 0.44686510943331237 0.2234375 0.13388641587924913 0.053125
0 0.015607674949741773 0.26796875 0.013655761432745384 0.05546875
0 0.6917832837500819 0.36875 0.13881945253973793 0.06015625
0 0.9215526293035783 0.37109375 0.1411632025397381 0.06015625
0 0.06401298093234234 0.625 0.07438741950744618 0.1390625
0 0.13384433129516204 0.63359375 0.058906263246843914 0.0984375
0 0.20307548093234234 0.625 0.07438741950744614 0.1390625
0 0.27651298093234233 0.625 0.071716287293461 0.1296875
0 0.34797875316486093 0.61328125 0.06217759618646843 0.125
0 0.4231697261230189 0.61875 0.08133682395394981 0.13671875
0 0.49002984390903387 0.609375 0.06193205952597971 0.11796875
0 0.5733334172300115 0.6234375 0.07918404691210786 0.1421875
0 0.657353753164861 0.61328125 0.07422372840045348 0.134375
0 0.7334623853788461 0.62265625 0.07171628729346118 0.1296875
0 0.780114152169069 0.48203125 0.1583507025397381 0.06015625
0 0.943291253164861 0.61328125 0.07389634618646852 0.125
0 0.9918049731800146 0.62109375 0.01639005363997086 0.12265625
0 0.07080616187253388 0.81953125 0.06452134618646847 0.125
0 0.14413453446787217 0.81640625 0.06678325063297219 0.12265625
0 0.21969752965854875 0.81015625 0.06871777286549081 0.1109375
0 0.2964237207655413 0.81484375 0.069372537293461 0.1296875
0 0.370560625212045 0.8125 0.06435765507947586 0.1203125
0 0.44383443410505247 0.8078125 0.06670140507947586 0.1203125
0 0.5186707429980599 0.803125 0.06149554990733286 0.10546875
0 0.5905730248492254 0.80390625 0.06678325063297219 0.12265625
0 0.6626935615097141 0.8109375 0.06678325063297219 0.12265625
0 0.7354589389143759 0.8140625 0.06678325063297219 0.12265625
0 0.9007292748492255 0.80390625 0.061932059525979355 0.11796875
0 0.3045313758450172 0.93515625 0.13655754809323425 0.0625