0 0.37839659392764713 0.5663365096643614 0.0959714389258032 0.10833065046753809
0 0.40112029997231335 0.4310984464326449 0.08879928901808824 0.14265110831306055
0 0.3633270967054243 0.8014927596643615 0.08423170496493215 0.1566817920562819
0 0.18945880012919689 0.7970375847017388 0.08982276603912895 0.04894201492891881
0 0.19589047039497745 0.8672864521881815 0.10134125693983034 0.04588519262201594
0 0.11136407850682699 0.8092063074761799 0.061135363971945675 0.12530907220870696
0 0.054343320487262516 0.8337477652235064 0.05519624460132917 0.10575055113146803
0 0.014811362587669718 0.834847177791293 0.029622725175339436 0.10812157220870695
0 0.04267292373800201 0.7557682109687802 0.08534584747600402 0.056041442622015936
0 0.21291249383536207 0.6016614521881816 0.11056606261535631 0.0435959847764936
0 0.21364248149686088 0.5415233829063408 0.11668565468807693 0.05378405103327229
0 0.21397195095976249 0.4876353136245 0.10433584901255086 0.056055078160635395
0 0.21797713294573534 0.4251353136245 0.1197803763104468 0.06551643657189174
0 0.2145505467331109 0.3689262202403583 0.0894723126153563 0.04347326492891881
0 0.08898934222960411 0.35403753932580734 0.10199209901255091 0.056041442622015936
0 0.1317497362772229 0.45453244301479934 0.055346438925803154 0.1080943011314682
0 0.1263334461794005 0.57561255747618 0.05988374460132917 0.10577782220870695
0 0.07091476095422516 0.5751540152235064 0.055696892349575776 0.11356305113146803
0 0.02274662939737842 0.5872045633299124 0.04549325879475684 0.10814884328594587
0 0.23152490052602376 0.2259120184449602 0.11136709901255096 0.0560959847764936
0 0.23210469386304866 0.16811769916311944 0.09431000693983034 0.04584428600615764
0 0.2382033019748982 0.1095103136245 0.11434190468807692 0.05377041549465287
0 0.22940809531192308 0.05177053649713696 0.11404151603912896 0.049082915494652865
0 0.14399222702104073 0.0928773255283567 0.04991845928386875 0.0721386204133089
0 0.14572710287006224 0.1998585785534188 0.048075357032115386 0.07993748487468948
0 0.08887632557216632 0.20956083148028504 0.05738980027685518 0.10342043667008757
0 0.024245279342007924 0.20527785245932803 0.04849055868401585 0.10810793667008758
0 0.029899448643410643 0.08182671692070861 0.05147046730343326 0.09635737041330891
0 0.08733121684200792 0.07524491881430255 0.06237768892580316 0.1081352077473264
0 0.020126325572166308 0.4598835392276115 0.040252651144332616 0.07992384933607007
0 0.07144329195274891 0.4572261718393646 0.055696892349575776 0.11356305113146803