0 0.4512909060723529 0.5663365096643614 0.0959714389258032 0.10833065046753809
0 0.4566922000276866 0.4310984464326449 0.08879928901808824 0.14265110831306055
0 0.46636040329457573 0.8014927596643615 0.08423170496493207 0.1566817920562819
0 0.2917911998708031 0.7970375847017388 0.08982276603912895 0.04894201492891881
0 0.30723452960502257 0.8672864521881815 0.10134125693983034 0.04588519262201594
0 0.21519842149317298 0.8092063074761799 0.0611353639719457 0.12530907220870696
0 0.16128167951273747 0.8337477652235064 0.05519624460132917 0.10575055113146803
0 0.10664424428756214 0.834847177791293 0.06003393892580315 0.10812157220870695
0 0.13127520203027143 0.7557682109687802 0.10199209901255091 0.056041442622015936
0 0.29021250616463795 0.6016614521881816 0.11056606261535631 0.0435959847764936
0 0.28323251850313913 0.5415233829063408 0.11668565468807693 0.05378405103327229
0 0.2766530490402375 0.4876353136245 0.10433584901255095 0.056055078160635395
0 0.27264786705426464 0.4251353136245 0.11978037631044688 0.06551643657189174
0 0.2620119532668891 0.3689262202403583 0.0894723126153563 0.04347326492891881
0 0.1344481577703959 0.35403753932580734 0.10199209901255091 0.056041442622015936
0 0.1901252637227771 0.45453244301479934 0.055346438925803154 0.1080943011314682
0 0.20022905382059947 0.57561255747618 0.05988374460132917 0.10577782220870695
0 0.14471023904577485 0.5751540152235064 0.055696892349575755 0.11356305113146803
0 0.08842996066814475 0.5872045633299124 0.06472143892580315 0.10814884328594587
0 0.2606625994739762 0.2259120184449602 0.11136709901255096 0.0560959847764936
0 0.25383280613695136 0.16811769916311944 0.09431000693983034 0.04584428600615764
0 0.25242169802510184 0.1095103136245 0.11434190468807692 0.05377041549465287
0 0.23621690468807693 0.05177053649713696 0.11404151603912896 0.049082915494652865
0 0.15600777297895926 0.0928773255283567 0.04991845928386875 0.0721386204133089
0 0.17146039712993777 0.1998585785534188 0.048075357032115386 0.07993748487468948
0 0.11581117442783369 0.20956083148028504 0.05738980027685518 0.10342043667008757
0 0.04597953577888573 0.20527785245932803 0.05769018892580315 0.10810793667008758
0 0.04041305135658936 0.08182671692070861 0.05147046730343326 0.09635737041330891
0 0.09704378315799207 0.07524491881430255 0.06237768892580316 0.1081352077473264
0 0.07636315237172506 0.4598835392276115 0.04573160703211539 0.07992384933607007
0 0.13011920804725108 0.4572261718393646 0.055696892349575755 0.11356305113146803
0 0.040425652371725074 0.46009261748644265 0.028783938925803155 0.10793976502711473
0 0.04697364589332008 0.5866642078455223 0.026059457124400453 0.11417158430895533