0 0.41484375 0.56875 0.0890625 0.1078125
0 0.42890625 0.43359375 0.0796875 0.1421875
0 0.41484375 0.80390625 0.07421875 0.15625
0 0.240625 0.7984375 0.08671875 0.0484375
0 0.2515625 0.86875 0.0984375 0.0453125
0 0.16328125 0.81015625 0.053125 0.125
0 0.1078125 0.834375 0.0484375 0.10546875
0 0.053125 0.83515625 0.053125 0.1078125
0 0.0828125 0.75625 0.0984375 0.05546875
0 0.2515625 0.603125 0.1078125 0.04296875
0 0.2484375 0.54296875 0.11328125 0.053125
0 0.2453125 0.4890625 0.10078125 0.05546875
0 0.2453125 0.4265625 0.115625 0.06484375
0 0.23828125 0.3703125 0.08671875 0.04296875
0 0.11171875 0.3546875 0.0984375 0.05546875
0 0.1609375 0.45546875 0.0484375 0.1078125
0 0.16328125 0.5765625 0.053125 0.10546875
0 0.1078125 0.57578125 0.0484375 0.11328125
0 0.05078125 0.5875 0.0578125 0.1078125
0 0.24609375 0.22734375 0.1078125 0.05546875
0 0.24296875 0.16953125 0.09140625 0.0453125
0 0.2453125 0.1109375 0.1109375 0.053125
0 0.2328125 0.053125 0.1109375 0.0484375
0 0.15 0.09375 0.0453125 0.071875
0 0.15859375 0.20078125 0.04296875 0.0796875
0 0.10234375 0.21015625 0.05078125 0.103125
0 0.0328125 0.20546875 0.05078125 0.1078125
0 0.03515625 0.08203125 0.0453125 0.09609375
0 0.0921875 0.07578125 0.05546875 0.1078125
0 0.046875 0.46015625 0.040625 0.0796875
0 0.10078125 0.4578125 0.0484375 0.11328125
0 0.0109375 0.46015625 0.021875 0.1078125
0 0.009375 0.58671875 0.01875 0.1140625