0 0.819899056649378 0.5272143271162634 0.13190483590559846 0.23483074188232517
0 0.8470717419542282 0.012330047182131418 0.0940831357697128 0.024660094364262836
0 0.5552066700464863 0.042982690849817796 0.1868604976542116 0.08596538169963559
0 0.5606047282084734 0.14003152151365073 0.20075910668871888 0.09245805559931732
0 0.5680023289451077 0.23509855966309767 0.1811350215394249 0.07963077313191329
0 0.5322126583944182 0.33404062013367897 0.20157856151618195 0.1041768055993173
0 0.5199861739817586 0.44193494075053 0.21042368379224108 0.08560408360249454
0 0.5118844608564224 0.5466360775200052 0.17900979282674853 0.08271486282348768
0 0.5045804232254539 0.6622474407505299 0.2054466066887189 0.09253987621616844
0 0.4911738510656103 0.7647002849063312 0.21276743379224108 0.08564499391092006
0 0.49940733212407534 0.858972436286303 0.21761882475773361 0.08807056452777111
0 0.5036253025388786 0.9548752715136507 0.21892459864294725 0.07326772483619663
0 0.271430161573386 0.9612691420477762 0.21625306671196204 0.06853931452777111
0 0.26470455019309014 0.867750967128854 0.20511882475773371 0.08785237621616844
0 0.26735393881279423 0.77406915097623 0.2027750747577337 0.08781146590774291
0 0.28632209612193177 0.6590344862035776 0.21124313861970415 0.09732283360249454
0 0.3105569076381137 0.5579532272751239 0.19607160668871887 0.09237623498246635
0 0.3141350117289425 0.4509901611224997 0.17950146572322626 0.08974611282348768
0 0.3257605626014627 0.35168959050564863 0.19754127153942508 0.07991714529089186
0 0.3348620470141224 0.24384981696669833 0.2114070295851967 0.09966658360249454
0 0.3306440765993191 0.1479469817393507 0.20261118379224108 0.08546771590774283
0 0.33965272586268497 0.052593571430925204 0.21761882475773361 0.08807056452777107