0 0.8862273428300238 0.5371968928652898 0.12782618611433277 0.23348518657189174
0 0.8494610894391219 0.0170008515114232 0.09341248530067894 0.0340017030228464
0 0.5611322518090223 0.04570789493294229 0.18525914857509065 0.09141578986588458
0 0.5789549168924563 0.14667747375639972 0.19919881784239593 0.09019424970541241
0 0.598012533355371 0.24190816052468317 0.17979372060135787 0.07758516539645699
0 0.5742651741285454 0.34051383216765607 0.19981297150586902 0.10191299970541241
0 0.5752278878324983 0.4483536032448949 0.20898657564431194 0.08322208703942983
0 0.5799330772261916 0.5530456484244347 0.17761374491161738 0.08069652985783762
0 0.5867739767057933 0.668666103244895 0.20388631784239591 0.09022152078265115
0 0.5858875853667921 0.7710462146812134 0.21133032564431192 0.08323572257804948
0 0.6056855082521421 0.8654911062699572 0.21614065637700666 0.08560674365528839
0 0.6216590682926217 0.9615212237563998 0.2177064784032739 0.07077662919390733
0 0.3897506490253164 0.9652148920797231 0.21511706693788463 0.06607549365528839
0 0.37155616971753125 0.8715421601318998 0.20364065637700657 0.08553402078265115
0 0.36273669040974615 0.7778148860295987 0.20129690637700656 0.08552038524403187
0 0.3676554845077094 0.6629075035160413 0.2096007293077852 0.09494083703942983
0 0.37956126300184045 0.5620262595661656 0.19451131784239584 0.0901669786281735
0 0.37004574287545244 0.4550177354638647 0.1779822371097012 0.08772777985783761
0 0.36953340852471317 0.3557717143866258 0.19619997060135788 0.07768061416679295
0 0.3654456948207603 0.2479501240275462 0.20972356004047973 0.09728458703942992
0 0.34947213478028055 0.15192000654110355 0.20117407564431194 0.08317663524403188
0 0.3468207683173657 0.0565938710024841 0.21614065637700666 0.0856067436552882