0 0.42578125 0.68984375 0.10546875 0.196875
0 0.328125 0.69375 0.07421875 0.1421875
0 0.23046875 0.69453125 0.09609375 0.1875
0 0.13828125 0.69921875 0.0984375 0.178125
0 0.03828125 0.7078125 0.0671875 0.18515625
0 0.03359375 0.23203125 0.0671875 0.18046875
0 0.12109375 0.2484375 0.0984375 0.18984375
0 0.2203125 0.2296875 0.07421875 0.18984375
0 0.3140625 0.2390625 0.0796875 0.18984375
0 0.4109375 0.24609375 0.08203125 0.18515625
0 0.50859375 0.228125 0.0796875 0.134375
0 0.69453125 0.74375 0.08203125 0.15625
0 0.68515625 0.8921875 0.15859375 0.1203125
0 0.9578125 0.75 0.084375 0.20703125
0 0.9515625 0.40625 0.09140625 0.1921875
0 0.79453125 0.0734375 0.0890625 0.146875
0 0.7125 0.21484375 0.0796875 0.18046875
0 0.70546875 0.03828125 0.0796875 0.0765625
0 0.83203125 0.3078125 0.134375 0.25