0 0.42578125 0.3296875 0.240625 0.09140625
0 0.3296875 0.078125 0.08671875 0.146875
0 0.225 0.08515625 0.09375 0.165625
0 0.11796875 0.0875 0.071875 0.1703125
0 0.54296875 0.0828125 0.10078125 0.165625
0 0.67265625 0.07421875 0.1203125 0.1484375
0 0.859375 0.078125 0.1078125 0.15625
0 0.9578125 0.0796875 0.0796875 0.15859375
0 0.271875 0.51328125 0.1109375 0.18046875
0 0.2671875 0.7078125 0.08671875 0.1703125
0 0.365625 0.9015625 0.196875 0.08671875
0 0.34609375 0.97734375 0.2015625 0.0453125
0 0.1578125 0.97109375 0.0890625 0.0578125