0 0.265625 0.2671875 0.146875 0.09140625
0 0.31953125 0.1515625 0.15390625 0.10546875
0 0.08515625 0.2546875 0.1703125 0.125
0 0.1484375 0.025 0.16875 0.05
0 0.31171875 0.0296875 0.1484375 0.059375
0 0.7546875 0.01796875 0.14921875 0.0359375
0 0.446875 0.9640625 0.125 0.0671875
0 0.42421875 0.9 0.1421875 0.1421875
0 0.43125 0.76328125 0.1515625 0.13203125
0 0.43046875 0.6515625 0.14921875 0.1390625
0 0.4203125 0.5375 0.14921875 0.18046875
0 0.37890625 0.43984375 0.13203125 0.1921875
0 0.7390625 0.20703125 0.146875 0.08671875
0 0.9125 0.178125 0.146875 0.09609375
0 0.7234375 0.3140625 0.14921875 0.09375
0 0.896875 0.2953125 0.15859375 0.09609375
0 0.74296875 0.4234375 0.134375 0.09140625
0 0.90234375 0.40390625 0.1609375 0.09140625
0 0.73203125 0.5296875 0.1515625 0.0984375
0 0.88671875 0.51328125 0.15390625 0.0984375
0 0.7359375 0.6390625 0.14921875 0.10078125
0 0.90859375 0.62265625 0.1390625 0.09609375
0 0.9109375 0.7328125 0.15859375 0.09609375
0 0.73046875 0.7390625 0.14921875 0.103125
0 0.73828125 0.85 0.15390625 0.09375
0 0.91484375 0.8375 0.1515625 0.0890625
0 0.90390625 0.94921875 0.15390625 0.09609375
0 0.73203125 0.95390625 0.1546875 0.0921875