0 0.26251599196372893 0.2640966732972744 0.1479386080124085 0.09311529535327186
0 0.31776766064609185 0.14784441728995654 0.15513349001431748 0.10725961135422635
0 0.08403809798695513 0.2536966173217733 0.16807619597391027 0.12698176535645347
0 0.1481465986632729 0.02462728266231838 0.1693318026734542 0.04925456532463676
0 0.3113733046626366 0.028305718650546197 0.14912839067472686 0.056611437301092395
0 0.7544784146642274 0.014012037287172579 0.14963692067154533 0.028024074574345158
0 0.4356571172024605 0.9588626386060028 0.12578179734245407 0.06864200668363551
0 0.4137463018778238 0.8950637679424117 0.14384200135263542 0.14384200135263542
0 0.42236841856305024 0.7582632019414572 0.1530988226845901 0.13379483935390812
0 0.4228871339115495 0.64655354260823 0.15083688868554462 0.14079881735358998
0 0.414058121260367 0.5326092212762753 0.15131869402449888 0.18220506735359
0 0.3737882046069573 0.4354347766152296 0.13426755402608972 0.1937238226845901
0 0.7366534733052286 0.1984314792330046 0.14788406401177223 0.0884277953532718
0 0.9104273279758193 0.16750710120946025 0.14799315201304494 0.09780279535327181
0 0.7197830519573656 0.3056445425684591 0.15030963001272662 0.09548631735358999
0 0.893438727959911 0.2848764145449147 0.15971190201304494 0.09793915535486271
0 0.7380416086091844 0.414792275899141 0.1354386080124085 0.09296984468490824
0 0.8976438752785025 0.3934065298775057 0.1620011080124087 0.09327892735518084
0 0.7258677779280942 0.5211695452339591 0.15270792401336308 0.10020108935390812
0 0.8807461819303214 0.5029633432129601 0.1550516740133631 0.10022836135422626
0 0.7285013345799131 0.6304990919000956 0.1503914460136812 0.10251756735359
0 0.9013484885821402 0.6120838045433239 0.14018065201304494 0.09771188868554467
0 0.9024104545671865 0.7222127825430057 0.15971190201304494 0.09793915535486271
0 0.7218689792330046 0.7305627265675045 0.15041871801399936 0.10486131735358999
0 0.728390604551278 0.8414093198997772 0.15499713001272664 0.09554086135422617
0 0.9050985552196416 0.826854829209142 0.15259883601209054 0.0908260893539083
0 0.8928610898711422 0.9387008485439601 0.15502440201304496 0.09788461135422608
0 0.720931545870506 0.9453882952339591 0.15576019867918128 0.09398745202099903