0 0.12265625 0.46484375 0.21640625 0.12734375
0 0.1265625 0.6140625 0.24296875 0.11328125
0 0.125 0.740625 0.2359375 0.115625
0 0.584375 0.9171875 0.22109375 0.13203125
0 0.6234375 0.61171875 0.19921875 0.11328125
0 0.5890625 0.490625 0.1921875 0.1109375
0 0.5984375 0.34609375 0.21640625 0.1203125
0 0.60078125 0.2234375 0.15390625 0.115625
0 0.615625 0.084375 0.1921875 0.1203125
0 0.7703125 0.428125 0.0890625 0.259375
0 0.86328125 0.42578125 0.08671875 0.259375
0 0.96015625 0.4484375 0.07421875 0.24296875
0 0.9625 0.16484375 0.07421875 0.24765625
0 0.8703125 0.16328125 0.08671875 0.2546875
0 0.77734375 0.1671875 0.0796875 0.24765625