0 0.5169969906678045 0.32117802488786784 0.09376718546893362 0.2700494004675383
0 0.6205895949698755 0.33854226600907333 0.08903877516050826 0.26767837939029937
0 0.7287702877457052 0.3168212812325797 0.09849559577735914 0.2724204215447771
0 0.8419288068204285 0.3231934801993074 0.10326491639421027 0.2771351926220159
0 0.95844415097623 0.3162662484478759 0.0758160263783239 0.22619940651766246
0 0.06079540381560374 0.09744048419207087 0.11433305559931732 0.19488096838414173
0 0.30986278044210447 0.5520472715682182 0.11013252516050809 0.26780109923787415
0 0.06982539093171951 0.7456528675846386 0.13965078186343902 0.1282255148307229
0 0.6349019164008007 0.6821740913410383 0.10569048701106123 0.2818363281606354
0 0.7940587280891981 0.6937468747149174 0.09865923701106105 0.281795421544777
0 0.9059002090144744 0.6860656640407246 0.09581092654048007 0.25287553600615775