0 0.35353095982525345 0.5564802415139889 0.24728983157389967 0.1147084363754999
0 0.7332730069031541 0.5511462842576418 0.21824721387914786 0.10672776473252696
0 0.9254195965947286 0.5523719200908488 0.13162392126547431 0.11169199980360833
0 0.9547715004070371 0.16864635988419435 0.08894331777418181 0.26220962939029935
0 0.8494527548712639 0.16066620912206853 0.10732512499835245 0.24122496369925478
0 0.7385152548712639 0.16131162461672138 0.11217626623205437 0.2506272347764936
0 0.6237669622575901 0.1565110160090733 0.11187625730360065 0.2334397347764936
0 0.5024374330365969 0.12597006401728347 0.10425862621616844 0.1998050781606353
0 0.37726015503341975 0.13685354274365288 0.11964784699517513 0.23114143657189173
0 0.2584419711860439 0.14145066003370382 0.11229899715733094 0.25765848477649367
0 0.13675788595869626 0.13122220804191403 0.11998876623205441 0.2506726865718917
0 0.03969374553577313 0.14429944584346974 0.07938749107154626 0.25515110831306054