0 0.36328125 0.55859375 0.2453125 0.11328125
0 0.74296875 0.55546875 0.21640625 0.10546875
0 0.93515625 0.5578125 0.1296875 0.1109375
0 0.9578125 0.17421875 0.084375 0.26171875
0 0.85234375 0.165625 0.103125 0.240625
0 0.74140625 0.165625 0.1078125 0.25
0 0.6265625 0.16015625 0.1078125 0.2328125
0 0.5046875 0.12890625 0.10078125 0.19921875
0 0.3796875 0.1390625 0.115625 0.23046875
0 0.2609375 0.14296875 0.1078125 0.25703125
0 0.1390625 0.13203125 0.115625 0.25
0 0.03984375 0.14453125 0.0796875 0.2546875