0 0.312242587601561 0.6844466811109428 0.21348815727678297 0.10900333703942984
0 0.3882960650126078 0.3330563770526083 0.11940293061464216 0.2287113281606353
0 0.5078431615288468 0.361280850121637 0.11592711531217023 0.24352780708339647
0 0.6116856386500296 0.35989509124284236 0.10709437818904774 0.19271928600615773
0 0.7036658445593849 0.36639455523668474 0.10597815940281485 0.2364420149289188
0 0.1821576353160496 0.34519834963065765 0.1391254992510939 0.2311687076491305
0 0.07759768107368412 0.347369903688992 0.11827086531217026 0.24354144262201594
0 0.16361312427533978 0.8744636688143025 0.12821982122152567 0.2506272347764938
0 0.270628398821147 0.8832205243968886 0.11725049925109392 0.23104144262201592
0 0.3664351063974923 0.8982955576725716 0.12173083409840321 0.19983234923787413
0 0.5819963335186751 0.8962598381195844 0.11957840273485516 0.20216246369925486
0 0.7910366226083498 0.8622155944642962 0.11980141440378453 0.2622914426220159
0 0.9003957760921111 0.8326593837901036 0.1104105678875456 0.23334428600615748
0 0.9739584074761325 0.8500418056294683 0.052083185047735014 0.22162553600615773