0 0.25625 0.6859375 0.2046875 0.1078125
0 0.3609375 0.33515625 0.10078125 0.228125
0 0.478125 0.3640625 0.09609375 0.24296875
0 0.58203125 0.36328125 0.09140625 0.1921875
0 0.6734375 0.3703125 0.08671875 0.2359375
0 0.15390625 0.34609375 0.1203125 0.23046875
0 0.04921875 0.34765625 0.0984375 0.24296875
0 0.0921875 0.875 0.1078125 0.25
0 0.1984375 0.884375 0.0984375 0.23046875
0 0.29296875 0.9 0.10546875 0.19921875
0 0.50859375 0.89921875 0.103125 0.2015625
0 0.7203125 0.86640625 0.0984375 0.26171875
0 0.83203125 0.8375 0.09140625 0.2328125
0 0.9328125 0.85546875 0.09140625 0.22109375