0 0.609005243670396 0.901574052015231 0.1623718095525959 0.19069824375348432
0 0.7495507532132937 0.8327553534412868 0.17621129788366652 0.1306510780624394
0 0.7644428163897337 0.6896320673369332 0.18381663273097573 0.0994601653964569
0 0.530260682281632 0.23374620258096498 0.09792654334173853 0.2239011083130605
0 0.569816745168208 0.4406456423743105 0.0896997130363573 0.16138292759490125
0 0.20894134185362478 0.9414193646577722 0.18287588606495558 0.11663402985783762
0 0.2656700897275929 0.8129034792173488 0.19827761652011822 0.1331220930895541
0 0.22802695532962725 0.7060404008603217 0.19614103167280889 0.1643448220123153
0 0.18713127517402703 0.5976330032214539 0.18093049091614427 0.18846357806243946
0 0.18501131047067995 0.42803357552835675 0.1733094384905499 0.15249880698520055
0 0.16278601092002357 0.289815958041914 0.18523548258119452 0.14554027985783763
0 0.15720620636839738 0.12570800624651593 0.20924693849054993 0.15270788524403184
0 0.14159743969849792 0.040502280152425164 0.19881987939699583 0.08100456030485033
0 0.8198649294066941 0.3344536879466338 0.09347815940281486 0.23636929205628182
0 0.8980537022855113 0.3347804199926529 0.08973140606883519 0.21916815651766236
0 0.9690007108378591 0.34678499542281377 0.061998578324281794 0.22386929205628192
0 0.8763550769714016 0.043021729511936335 0.17771015394280312 0.08604345902387267