0 0.06875 0.9109375 0.103125 0.178125
0 0.05625 0.6671875 0.1125 0.259375
0 0.10078125 0.13203125 0.134375 0.2640625
0 0.4046875 0.78828125 0.0984375 0.27890625
0 0.50625 0.80078125 0.103125 0.25
0 0.60703125 0.81953125 0.0984375 0.259375
0 0.7171875 0.8125 0.09375 0.2359375
0 0.8328125 0.821875 0.0984375 0.259375
0 0.9515625 0.78828125 0.09609375 0.259375
0 0.95625 0.51875 0.0875 0.125
0 0.91484375 0.23203125 0.0984375 0.271875
0 0.6734375 0.240625 0.10546875 0.259375
0 0.51328125 0.4359375 0.2234375 0.12265625