0 0.050591573519513544 0.9110374973344999 0.10118314703902709 0.1779250053310001
0 0.04999477431694422 0.6678420280076359 0.09998954863388844 0.2606840560152719
0 0.09770818854524295 0.13320394601368118 0.1405211229095141 0.2656260946849083
0 0.3863400502494091 0.7929902153882702 0.1049291150257294 0.28005167401336306
0 0.48761160951996463 0.806672002068724 0.10894381458888916 0.25119996801399935
0 0.587956448425798 0.8265946980824053 0.10447452013597243 0.26052042401336306
0 0.6982763525861104 0.8208452320973592 0.09924150626826407 0.23702838001272672
0 0.8136831470390271 0.831565650779722 0.10447452013597243 0.26052042401336306
0 0.9332150502494091 0.7993536821291759 0.10213077013597242 0.26049315201304496
0 0.9441759597280551 0.5298769761298121 0.09040940729444458 0.126018154678545
0 0.9094431627096874 0.2426764207908579 0.10476546086541702 0.273020424013363
0 0.6678368909581942 0.2484611547580867 0.11150577013597243 0.2606022400143175
0 0.5031346920606247 0.44191006806967864 0.22629235590767377 0.1252561806969986