0 0.2134629465362355 0.8759453973442802 0.2497031393637168 0.11703855083688061
0 0.2084884782474409 0.7369010780624394 0.2426718893637168 0.11699764422102224
0 0.2182135467903493 0.6088760720123153 0.2366116051628498 0.10680957796424355
0 0.6822591781909711 0.7990122761454044 0.20649917093374803 0.12615902078265115
0 0.1711741338902835 0.33760051483072295 0.24349093671876348 0.13106014422102233
0 0.1794277076948637 0.2111289184215191 0.23526891304124015 0.12398344242562417
0 0.1671944762518895 0.06813744252382005 0.22837417093374796 0.12628628580976592
0 0.6704809730563562 0.6638333002477055 0.22300413147120893 0.11454026473252696
0 0.6646720468609365 0.5372798906067849 0.2158363735787013 0.11215560811666876
0 0.6576268443571575 0.4029094357863248 0.2137656393637169 0.11682947257804929
0 0.6649248629141832 0.26003158937712095 0.17222288147120893 0.11424482806243948
0 0.6519481788262557 0.1310935231203423 0.20388240514873246 0.12145788524403182
0 0.6509478499717651 0.033464544197581166 0.20814569994353035 0.060565837039429915