0 0.1625 0.875 0.24296875 0.115625
0 0.165625 0.7359375 0.2359375 0.115625
0 0.1828125 0.6078125 0.23046875 0.10546875
0 0.6359375 0.7953125 0.19921875 0.125
0 0.1515625 0.33671875 0.2359375 0.1296875
0 0.1671875 0.21015625 0.228125 0.12265625
0 0.16328125 0.0671875 0.22109375 0.125
0 0.63203125 0.66015625 0.21640625 0.11328125
0 0.63359375 0.53359375 0.209375 0.1109375
0 0.634375 0.39921875 0.20703125 0.115625
0 0.65 0.25625 0.165625 0.11328125
0 0.64453125 0.12734375 0.196875 0.1203125
0 0.64921875 0.0296875 0.2046875 0.059375