0 0.05836896402035463 0.10583690954272451 0.10826207195929075 0.21151019262201592
0 0.15769687593101342 0.10407039734428025 0.09398124813797315 0.20674087939029934
0 0.24227092907416656 0.11706582191411943 0.09189220926284367 0.21219599385167992
0 0.32898967907416654 0.11757033684303819 0.08642345926284367 0.21216417759490125
0 0.40953120368127244 0.11647599033563849 0.08349751240599676 0.19965054205628183
0 0.49070842907416656 0.11851118900777861 0.08907542431665565 0.2020261083130605
0 0.575102699752331 0.10181002321853819 0.07969827026387968 0.16838690651766242
0 0.6540453370558839 0.10148783635205887 0.078024454300445 0.1324494065176624
0 0.09003044628889625 0.3248278040583344 0.1800608925777925 0.11196016539645699
0 0.01730085421939168 0.5353153312838933 0.03460170843878336 0.20813066256778665
0 0.07532940819111435 0.5302692829810954 0.08831129094204411 0.1856198583130606
0 0.15532512324492626 0.5408936864736958 0.09021839329940895 0.17625849385167988
0 0.24564190819111437 0.5312601321207738 0.08397054735218487 0.20980679205628192
0 0.3275447256022911 0.5512731711519936 0.09043671712072658 0.1809459938516799
0 0.41366416212005575 0.5478668909013725 0.08317002667402047 0.19261929205628192
0 0.49725791212005577 0.5483532251121321 0.0778275552100677 0.178529520979043
0 0.6753850661728317 0.515786685688129 0.08620513544152608 0.2074766775949012
0 0.7550725661728317 0.5162502940011894 0.07613877667402047 0.19257838544042372
0 0.8424099003332316 0.5034735589301083 0.08540461476336167 0.19028917759490122
0 0.9363054495474431 0.5008939804748852 0.08529545285270287 0.1879454275949012
0 0.055158033502955214 0.8794653070833964 0.0964705473521849 0.20987951492891882
0 0.14004245575269622 0.8690186864736958 0.08529545285270287 0.1879454275949012
0 0.2231267835029552 0.8804425206844554 0.08609597353086736 0.2051329275949012
0 0.30624749855676714 0.891085104895215 0.08842045285270288 0.18796360831306053
0 0.3894966461994023 0.8821918939264346 0.08507712903138528 0.1832579275949012
0 0.6554577481424824 0.7422946435336513 0.08038962903138529 0.18323065651766246
0 0.7467548362318236 0.7451701795398089 0.08060795285270288 0.18791815651766228
0 0.8298584346602471 0.7394019685710285 0.07746368217453829 0.170717020979043
0 0.884920462162837 0.8491269473955938 0.1403275552100677 0.17889313534222778