0 0.06328125 0.10546875 0.0984375 0.2109375
0 0.1625 0.103125 0.084375 0.20625
0 0.24765625 0.115625 0.08203125 0.21171875
0 0.334375 0.115625 0.0765625 0.21171875
0 0.41484375 0.1140625 0.07421875 0.19921875
0 0.49609375 0.115625 0.0796875 0.2015625
0 0.5796875 0.0984375 0.071875 0.16796875
0 0.65859375 0.09765625 0.071875 0.13203125
0 0.1046875 0.32421875 0.17578125 0.1109375
0 0.02734375 0.53515625 0.0546875 0.2078125
0 0.1 0.5296875 0.0796875 0.18515625
0 0.18046875 0.53984375 0.08203125 0.17578125
0 0.2703125 0.5296875 0.07421875 0.209375
0 0.353125 0.54921875 0.08203125 0.18046875
0 0.4390625 0.5453125 0.07421875 0.1921875
0 0.52265625 0.5453125 0.06953125 0.178125
0 0.69921875 0.51171875 0.0765625 0.20703125
0 0.77890625 0.51171875 0.0671875 0.1921875
0 0.865625 0.4984375 0.0765625 0.18984375
0 0.959375 0.4953125 0.0765625 0.1875
0 0.09609375 0.87890625 0.08671875 0.209375
0 0.18046875 0.86796875 0.0765625 0.1875
0 0.2640625 0.87890625 0.0765625 0.2046875
0 0.34765625 0.8890625 0.0796875 0.1875
0 0.43046875 0.8796875 0.0765625 0.1828125
0 0.68984375 0.73828125 0.071875 0.1828125
0 0.78125 0.740625 0.071875 0.1875
0 0.8640625 0.734375 0.06953125 0.1703125
0 0.92421875 0.84375 0.13203125 0.178125