0 0.05625 0.1062050940085905 0.1125 0.21208292401336304
0 0.15408197999612067 0.10501585868872625 0.10121104000775868 0.207231792011454
0 0.23821786393504438 0.11850674136695301 0.09931370015947953 0.21267327001113584
0 0.32493661393504436 0.11951580537872519 0.09384495015947954 0.2126096353437268
0 0.40553290969267886 0.1188896440563156 0.09048083409840327 0.20008236334340862
0 0.48665536393504444 0.12139757340067872 0.09614090273485516 0.2024897480108177
0 0.5716521172690243 0.10518277474536002 0.08558616894571251 0.16880509134309046
0 0.6506221401478415 0.10531968208940498 0.08265261652011838 0.13286759134309048
0 0.08532012734342996 0.32543689934754483 0.17064025468685992 0.1129829000238625
0 0.009742435446434123 0.5354744233370453 0.019484870892868246 0.20844884667409058
0 0.05676198816189252 0.5308511053469085 0.09480167227969243 0.18608349801081764
0 0.13640169073726804 0.5419436940244988 0.09638014773388522 0.17673577001113577
0 0.22707448816189252 0.5328328707033619 0.09130988152302777 0.2102386133434086
0 0.3082926661914608 0.5533277313812706 0.09676278500678884 0.18142327001113578
0 0.39454903058554713 0.55042145472627 0.08990687818904783 0.1930511133434088
0 0.4781427805855472 0.5513941560709513 0.08407146637033698 0.17893406934277217
0 0.6574475143746896 0.5198548967615866 0.09346231288657592 0.20792213534372675
0 0.7371350143746896 0.5207821447724041 0.08287562818904774 0.19296929734245402
0 0.8249379033145832 0.5085099587841764 0.09205930955259625 0.19073463534372675
0 0.9189429948298523 0.506475838796903 0.09186799091614439 0.18839088534372692
0 0.038127101046043874 0.880024402013045 0.07625420209208775 0.21038406401177231
0 0.10961708163401562 0.8700686940244988 0.09186799091614423 0.18839088534372692
0 0.19231801133057386 0.8819788953691802 0.09327099425012411 0.2055783853437269
0 0.2750827139059494 0.8931078467138616 0.09499299091614422 0.18842724801081764
0 0.35866048845175663 0.8846964573917699 0.09148535364324069 0.18370338534372682
0 0.629578379517682 0.746308308760314 0.08679785364324069 0.18364884134309048
0 0.7207933108812302 0.7497156667727224 0.0871804909161444 0.18833634134309046
0 0.8041159939117684 0.7444292774506309 0.08343373758216437 0.17112156934277234
0 0.8553440408773509 0.8545042587921305 0.14657146637033697 0.17966132268459