0 0.0453125 0.43515625 0.08671875 0.053125
0 0.07578125 0.975 0.07421875 0.0453125
0 0.078125 0.9015625 0.05546875 0.0484375
0 0.06875 0.828125 0.084375 0.0453125
0 0.07109375 0.765625 0.0890625 0.05546875
0 0.0625 0.69921875 0.08203125 0.0484375
0 0.0625 0.63203125 0.09140625 0.0484375
0 0.053125 0.546875 0.071875 0.0453125
0 0.05546875 0.49140625 0.09609375 0.0453125
0 0.225 0.18359375 0.0890625 0.05546875
0 0.2203125 0.125 0.06953125 0.0484375
0 0.21875 0.0671875 0.08671875 0.053125
0 0.22265625 0.0140625 0.0859375 0.028125
0 0.34609375 0.9359375 0.03359375 0.103125
0 0.459375 0.91796875 0.03828125 0.115625
0 0.5015625 0.9171875 0.0359375 0.11796875
0 0.54296875 0.91953125 0.03359375 0.1078125
0 0.5796875 0.91953125 0.04296875 0.1078125
0 0.62265625 0.92421875 0.03828125 0.103125
0 0.34765625 0.0953125 0.040625 0.0984375
0 0.7078125 0.9234375 0.0359375 0.10546875
0 0.7515625 0.921875 0.0359375 0.11328125
0 0.78984375 0.9203125 0.03125 0.1109375
0 0.83203125 0.92578125 0.03828125 0.10546875
0 0.875 0.92421875 0.03359375 0.1078125
0 0.91484375 0.9171875 0.03125 0.11328125
0 0.34375 0.6578125 0.03359375 0.103125
0 0.3453125 0.5296875 0.0359375 0.11328125
0 0.42890625 0.64296875 0.0359375 0.1078125
0 0.4734375 0.64765625 0.03359375 0.103125
0 0.5140625 0.640625 0.03359375 0.103125
0 0.55390625 0.6390625 0.0359375 0.10546875
0 0.59609375 0.6390625 0.03828125 0.10546875
0 0.63359375 0.65 0.0359375 0.1078125
0 0.709375 0.6359375 0.03828125 0.103125
0 0.75234375 0.63203125 0.03828125 0.09609375
0 0.78984375 0.63671875 0.040625 0.10546875
0 0.83515625 0.63671875 0.0359375 0.10546875
0 0.9171875 0.640625 0.0359375 0.11328125
0 0.95546875 0.62734375 0.0359375 0.09140625
0 0.4703125 0.46015625 0.040625 0.103125
0 0.55390625 0.46171875 0.0359375 0.09609375
0 0.59609375 0.45546875 0.03828125 0.1078125
0 0.634375 0.46171875 0.03359375 0.10546875
0 0.71171875 0.44609375 0.03359375 0.1078125
0 0.75390625 0.45078125 0.040625 0.11796875
0 0.79296875 0.4515625 0.03359375 0.115625
0 0.83515625 0.45546875 0.03125 0.084375
0 0.87734375 0.453125 0.03828125 0.0984375
0 0.9171875 0.45546875 0.0359375 0.09375
0 0.9640625 0.44921875 0.03359375 0.10546875
0 0.98046875 0.2140625 0.03359375 0.1109375
0 0.9375 0.21171875 0.03359375 0.10546875
0 0.9015625 0.21171875 0.02890625 0.09609375
0 0.8640625 0.21484375 0.0359375 0.11328125
0 0.82578125 0.21484375 0.0359375 0.1078125
0 0.7390625 0.2140625 0.040625 0.115625
0 0.69921875 0.21875 0.03828125 0.1109375
0 0.65859375 0.2140625 0.03828125 0.10546875
0 0.615625 0.2140625 0.03828125 0.10546875
0 0.56953125 0.21875 0.03828125 0.115625
0 0.5296875 0.2171875 0.0359375 0.1078125
0 0.490625 0.22578125 0.03828125 0.10546875