0 0.0609375 0.86328125 0.06953125 0.1875
0 0.0171875 0.94453125 0.03359375 0.1109375
0 0.35078125 0.81953125 0.0671875 0.1828125
0 0.43046875 0.88828125 0.071875 0.1703125
0 0.96640625 0.91328125 0.0671875 0.1734375
0 0.88671875 0.728125 0.0671875 0.16328125
0 0.6765625 0.7328125 0.06953125 0.1734375
0 0.5890625 0.734375 0.071875 0.1703125
0 0.51171875 0.734375 0.0671875 0.1703125
0 0.87265625 0.3109375 0.071875 0.1609375
0 0.80859375 0.34375 0.0453125 0.09609375
0 0.19375 0.24609375 0.07421875 0.1703125
0 0.0484375 0.08046875 0.09609375 0.1609375