0 0.03665602624416477 0.86328125 0.07331205248832955 0.1875
0 0.00405764916584722 0.94453125 0.00811529833169444 0.1109375
0 0.32693532607640374 0.81953125 0.0725068004748537 0.1828125
0 0.4046224053850058 0.88828125 0.07683058762187223 0.1703125
0 0.9398324796790429 0.91328125 0.07223401583511731 0.1734375
0 0.8655324763138307 0.728125 0.07193849914207036 0.16328125
0 0.6552398339939625 0.7328125 0.07457776583511766 0.1734375
0 0.5676943698873399 0.734375 0.07683058762187223 0.1703125
0 0.49035061988733986 0.734375 0.07214308762187223 0.1703125
0 0.8636088927820864 0.3109375 0.07655780298213628 0.1609375
0 0.7985916465430101 0.34375 0.04810854255729495 0.09609375
0 0.18658940320692774 0.24609375 0.07917433762187223 0.1703125
0 0.0482421875 0.08046875 0.096484375 0.1609375