0 0.04084440587274233 0.8636357740041051 0.07389536094166682 0.187904520979043
0 0.006645607809131572 0.944532386294885 0.013291215618263144 0.11093522741022994
0 0.33170644842579794 0.821572035613374 0.07144250816812514 0.18320338544042364
0 0.4097937744138534 0.8907856439264347 0.07583906743868067 0.17073065651766228
0 0.9451493929549646 0.9159947221852658 0.0712243026210416 0.16801055562946843
0 0.8697714525098604 0.733283778777683 0.07098791327836836 0.16367213544042372
0 0.6595060997363188 0.7367486254814745 0.07356805262104196 0.173842020979043
0 0.5719697321451382 0.737802065373016 0.07583906743868063 0.17073065651766228
0 0.4946259821451383 0.7373520925985748 0.07115156743868063 0.1707033854404237
0 0.8654190993550692 0.3160144655459665 0.07562086189159736 0.16135565651766245
0 0.8005928799402774 0.3484542608237022 0.04754910685760416 0.09635737041330898
0 0.18802210438906228 0.24722095452587262 0.07818281743868072 0.17074429205628183
0 0.0482421875 0.08075055113146815 0.096484375 0.1614965570833965