0 0.35234375 0.9015625 0.18046875 0.1109375
0 0.3453125 0.75703125 0.1515625 0.09609375
0 0.33671875 0.9875 0.1515625 0.025
0 0.3453125 0.62265625 0.17578125 0.10546875
0 0.34609375 0.48046875 0.16796875 0.1109375
0 0.353125 0.359375 0.14453125 0.0984375
0 0.3546875 0.24296875 0.17578125 0.1109375
0 0.3703125 0.12109375 0.16328125 0.1078125
0 0.70703125 0.4515625 0.1734375 0.115625
0 0.72109375 0.58203125 0.1296875 0.10078125
0 0.71171875 0.71015625 0.14921875 0.1078125
0 0.7015625 0.834375 0.15390625 0.1109375
0 0.70078125 0.953125 0.1609375 0.09375
0 0.3609375 0.025 0.18125 0.05