0 0.3943346983000797 0.8995126240275463 0.18563574710451594 0.11198743647369583
0 0.3805717971427879 0.7550222806434045 0.15603813833701033 0.09697551483072289
0 0.38271230169090187 0.9855410276183424 0.15272689371369372 0.025881764830722888
0 0.3743131809316842 0.6206472806434045 0.18069353597964533 0.1064914153964569
0 0.36847194168505115 0.4784552354638647 0.17313574710451585 0.11191471360105894
0 0.36986315963434724 0.3573205788480064 0.14911605024766902 0.09927835821486468
0 0.3660039514049608 0.2409052384889268 0.18094824710451585 0.11196016539645699
0 0.37595253205070395 0.1189393348981306 0.16830269789030422 0.10876244252382006
0 0.7280631114535927 0.44744911251647296 0.17882282092583351 0.11663402985783762
0 0.7482022911469318 0.5778360492847565 0.13438146215832775 0.10153574980360816
0 0.7447948089296121 0.7060155914392341 0.15424019789030421 0.10868062929210343
0 0.7404241401945278 0.8302934287732515 0.15907324710451592 0.11183290036934243
0 0.745173760334573 0.9490479739527913 0.16530397642635145 0.09468630698520072
0 0.3621018937136937 0.024213683939613068 0.18357878742738745 0.048427367879226135