0 0.60390625 0.9602436501729507 0.0734375 0.07951269965409864
0 0.6109375 0.6715230804001305 0.0765625 0.2645079275949014
0 0.33515625 0.9347623820225779 0.15625 0.1063777859079618
0 0.3484375 0.7254646500747548 0.1734375 0.12132152985783762
0 0.3421875 0.5848032886384363 0.1703125 0.10880334913967822
0 0.33515625 0.45507488202257795 0.17578125 0.1088351653964569
0 0.328125 0.32144022540671974 0.1703125 0.1213033491396783
0 0.3390625 0.050410107920277045 0.1828125 0.09715732201231528
0 0.678125 0.3750389658405541 0.071875 0.24338690651766245
0 0.7765625 0.37248665846257 0.08203125 0.2411022438516799
0 0.865625 0.4050360589301082 0.0765625 0.2285704275949012