0 0.3016269355389424 0.7365507491859258 0.16475171730343324 0.09886201420345948
0 0.2981736636397173 0.8514626830333016 0.1622577729789592 0.09647735389503395
0 0.2885705212901415 0.9609801846581547 0.158431866131414 0.07803963068369058
0 0.634344096243999 0.9811916382892736 0.15701026603912888 0.037616723421452745
0 0.6441579896733088 0.8958259322192275 0.14819527297895937 0.09623189204448082
0 0.66852453887043 0.7718935543782061 0.11913882865448536 0.09338358157389966
0 0.6717670596899209 0.6358605969918798 0.15113980027685514 0.10564780235290634
0 0.666626581589146 0.5207986586802772 0.15582730027685515 0.10572962296975738
0 0.6752982796142477 0.40988843221922744 0.15318316162790727 0.10100121266133204
0 0.7742001611664818 0.08703335916674447 0.1514401889258032 0.11033530235290645
0 0.93765498457918 0.2580431087597074 0.08324899830195705 0.21527617248329012