0 0.4437382422131245 0.6100146307288152 0.13388599715020835 0.08122382268458991
0 0.7294036384896523 0.5914577241008591 0.11747974715020834 0.08103291868236298
0 0.7258389613435756 0.7781855647676318 0.1244382619678472 0.07798973468331738
0 0.7204773544859714 0.8742429521005409 0.13615701196784719 0.07812609468490805
0 0.733847563832777 0.9666974785466909 0.13844621058107656 0.0666050429066182
0 0.825983125287534 0.8403048514480856 0.054636214665138995 0.16621589334022707
0 0.8906814049228118 0.8473093767902216 0.06430215539458359 0.17882498134149963
0 0.9524365225139924 0.8464650394652666 0.061014154444652746 0.20534202800763596
0 0.8339268311189578 0.6333099641151765 0.0525288540078126 0.17634487133990878
0 0.8917938825057288 0.631638923456358 0.052747059554896225 0.18571987133990894
0 0.952495646373437 0.6089014047978576 0.056979964665138993 0.16624316534054523
0 0.9783561636596179 0.27004799013363023 0.03410485590767394 0.12301987667090888