0 0.1373388974445636 0.8026903977265238 0.06602184800056703 0.16901878124958794
0 0.06393116849595584 0.8693363810874324 0.06997024881887363 0.08086026217486478
0 0.21147580189106732 0.8016421408266649 0.07038196578658189 0.15972560186643897
0 0.2794445518910673 0.8028285397710047 0.06585815689357447 0.16433128124958793
0 0.3419445518910673 0.8039194813290184 0.06536708357259675 0.15026878124958792
0 0.40991330189106734 0.8051058802733582 0.06386907095872499 0.1744466209411626
0 0.4739758018910673 0.806224095370322 0.05615577467958932 0.1547926400158861
0 0.5397644929980598 0.8120570840062363 0.06403276206571747 0.17913412094116268
0 0.6035268926352402 0.8045815491032002 0.06141619355406327 0.1712807106327369
0 0.6723587381887365 0.8081253348170152 0.06343256134007813 0.1619466209411627
0 0.7368205422724206 0.7983196866834543 0.058663215786581804 0.15952105032431163
0 0.7969495104212551 0.7985884679330424 0.05890875244707079 0.16655230032431162
0 0.8530085374630971 0.7941015653352548 0.05591023801910069 0.14776139001588612
0 0.9179886967189242 0.7991396672016938 0.05648315689357446 0.1641676400158861
0 0.9789559015360968 0.8049862926070832 0.04208819692780637 0.13990797970746058