0 0.058057758477319074 0.8307505606699543 0.0551862015966055 0.1661886213399087
0 0.02821518330781677 0.07919715133672711 0.05643036661563354 0.15839430267345422
0 0.2298997001137307 0.1611936806969986 0.060192036577577414 0.17405566534054512
0 0.2890200321289532 0.1556345713717255 0.056956948630855916 0.15215339334022696
0 0.3457793680985083 0.16878909937936154 0.06006470258518863 0.17093066534054513
0 0.40349636760421675 0.16711805872054297 0.06006470258518863 0.17093066534054513
0 0.5148967826232448 0.16060552406904227 0.056956948630855916 0.15215339334022698
0 0.5730276176042167 0.16909073341022374 0.062026450608022185 0.16158293734086332
0 0.6278106180985084 0.17207083008431429 0.05772095258518863 0.170903393340227
0 0.6847954471479812 0.15243103942549577 0.05059686068413445 0.1302147586728179
0 0.7324981180985083 0.1732889794318591 0.06516603806045218 0.18114145934118148
0 0.7869163626613008 0.14815316677272242 0.053148857718384866 0.11618862133990877
0 0.8442168680985083 0.1745889447803584 0.0575299515966055 0.166215893340227
0 0.9080883671099251 0.17064687945572166 0.0551862015966055 0.16618862133990878
0 0.9529379520908972 0.1789775474617668 0.05021485870696836 0.1208397586728179
0 0.8955949787826427 0.30481279411994905 0.11144151878308009 0.09031701201463571
0 0.9873156106841346 0.31064571813331204 0.02536877863173075 0.08010567067154524
0 0.1684262782118015 0.5306152953532719 0.05550453657757748 0.17400112133990894
0 0.21617802870609312 0.5335135760264078 0.05528170209089707 0.16853237133990878
0 0.27295461072131555 0.5279271947008166 0.06731878707186904 0.17648123134149962
0 0.3318985292003847 0.5372027447087708 0.05958720011373071 0.1592119153405452
0 0.39258136121560716 0.5316618167170432 0.0669049515966055 0.16632498134149962
0 0.44840027969467633 0.5409010040579064 0.05177470011373071 0.15912100867281787
0 0.5507440296946763 0.5420918814051331 0.05489970011373071 0.15915737133990876
0 0.6045547792003847 0.540375387412451 0.06212195110231385 0.16392668734086335
0 0.657743446196579 0.542556052752996 0.05714794961943923 0.1568408933402269
0 0.7127983607213155 0.5330452400938593 0.05167919961943923 0.15677725867281786
0 0.7702752796946764 0.5446463587682681 0.05784828657757757 0.17402839334022707
0 0.8245807777175098 0.5359077054423587 0.06465670209089716 0.1686414593411815
0 0.8810217787060932 0.5412497334499946 0.04708720011373089 0.1590664646721816
0 0.9899717138303223 0.5403059461329939 0.020056572339355226 0.16369942067154533
0 0.2321664205305976 0.8109118700270443 0.0598737015966055 0.16624316534054495
0 0.28985158653820886 0.8084595793682257 0.05920519813656444 0.14983691534054522
0 0.3456068380210836 0.816136266709089 0.05996920209089707 0.1685869153405452
0 0.40341933802108354 0.8168089760502705 0.05996920209089711 0.1685869153405452
0 0.45498183802108355 0.8174089600572702 0.05215670209089716 0.16849600867281786
0 0.6075165890096668 0.8238691400779509 0.054517698136564444 0.14978237133990868
0 0.6605460885153752 0.822143555418496 0.06487953657757757 0.1741102093411815
0 0.7161740060058611 0.8266952427593595 0.05499520060802236 0.16150112133990868
0 0.7722330050172779 0.8226622707669954 0.05772095258518881 0.17090339334022708
0 0.8227914205305975 0.8177844141072225 0.05733895060802245 0.1615283933402268
0 0.8770160055115696 0.8262241701145403 0.06028753707186922 0.17639941534054496