0 0.02265625 0.46875 0.0453125 0.134375
0 0.078125 0.47265625 0.05546875 0.1078125
0 0.140625 0.4671875 0.05078125 0.11796875
0 0.196875 0.4734375 0.0625 0.1390625
0 0.2609375 0.4671875 0.05078125 0.12734375
0 0.31640625 0.4640625 0.05078125 0.134375
0 0.3734375 0.46640625 0.05546875 0.1390625
0 0.43515625 0.46484375 0.053125 0.13203125
0 0.48671875 0.46015625 0.0453125 0.11796875
0 0.5375 0.4625 0.05546875 0.146875
0 0.59609375 0.46640625 0.0484375 0.1296875
0 0.72109375 0.46015625 0.053125 0.13671875
0 0.77265625 0.46015625 0.0453125 0.103125
0 0.09375 0.73203125 0.0484375 0.13203125
0 0.15625 0.73203125 0.053125 0.11328125
0 0.22265625 0.72578125 0.05078125 0.1296875
0 0.27890625 0.7359375 0.0484375 0.1203125
0 0.328125 0.7359375 0.0453125 0.125
0 0.390625 0.728125 0.05078125 0.125
0 0.4484375 0.728125 0.05546875 0.134375
0 0.50703125 0.7234375 0.0484375 0.125
0 0.56015625 0.7171875 0.0484375 0.13203125
0 0.61796875 0.7234375 0.0484375 0.1296875
0 0.67578125 0.71875 0.0484375 0.134375
0 0.734375 0.71484375 0.0453125 0.13203125
0 0.7875 0.72109375 0.0453125 0.134375
0 0.89921875 0.74765625 0.0484375 0.1296875
0 0.9640625 0.7296875 0.04296875 0.13671875
0 0.10546875 0.9171875 0.0578125 0.12734375
0 0.19921875 0.91796875 0.09140625 0.1296875
0 0.2859375 0.92421875 0.0578125 0.13671875
0 0.38671875 0.92421875 0.0578125 0.13203125
0 0.45546875 0.9109375 0.05546875 0.1296875
0 0.5578125 0.9125 0.053125 0.12734375
0 0.67421875 0.90234375 0.05078125 0.1421875
0 0.73046875 0.9109375 0.0484375 0.14453125
0 0.7875 0.91015625 0.0453125 0.12265625
0 0.91015625 0.8921875 0.0453125 0.125
0 0.96640625 0.8765625 0.0484375 0.13671875