0 0.03629548198680434 0.4688818102066545 0.04922241316955058 0.13463862041330898
0 0.09187789225336104 0.4731107679539809 0.058605773356965 0.1081352077473264
0 0.15421876788018168 0.4680056323171655 0.05421379005001246 0.11826418667008767
0 0.21065062430667236 0.47458288524403186 0.06654630548941862 0.1394261143631848
0 0.2745312678801817 0.4687055899662962 0.05448657468974858 0.12763918667008767
0 0.32990908966693633 0.4659032977136226 0.054691163169550625 0.1346704366700875
0 0.38700853582687034 0.4685788458200286 0.0595150554894186 0.1393852077473264
0 0.4486818217202476 0.4673754150036736 0.05696671700961655 0.13234032220870695
0 0.5001079294003796 0.462987896853301 0.048745040050012275 0.11823237041330899
0 0.5509573755603137 0.4656270835233885 0.059742376022532004 0.1471977077473264
0 0.6096647858268703 0.46987422198887413 0.052211020849682474 0.12996930113146804
0 0.7344829294003796 0.46435145071524364 0.05710310932948452 0.13702782220870696
0 0.7860454294003796 0.46465143256487096 0.04831313103709682 0.10338862041330898
0 0.11504993395272611 0.732576671544777 0.05227921700961655 0.13231305113146802
0 0.17754993395272609 0.7329402859079618 0.056421147730144394 0.11359032220870695
0 0.24377432752623535 0.7270766261688456 0.05455477084968248 0.12998293667008767
0 0.3003198442192828 0.7375601290957118 0.05193823620994644 0.12059430113146821
0 0.3495385942192828 0.7378464754067198 0.04894962852981451 0.125263620413309
0 0.41181127368616943 0.7303975897699044 0.0544183785298145 0.1252954366700875
0 0.46962377368616937 0.7307339330558503 0.05937866316955045 0.13469770774732642
0 0.5280811313663014 0.7263873215213359 0.0520746285298145 0.1252818011314682
0 0.5810242749398107 0.7204463937300429 0.05227921700961673 0.13231305113146802
0 0.6390186313663013 0.7270327370159888 0.052211020849682474 0.12996930113146804
0 0.6966947390464333 0.7226815803019347 0.052347413169550626 0.13465680113146802
0 0.7551748287798766 0.7191162187674204 0.04915421700961655 0.13229487041330898
0 0.8084816852063674 0.7256752909761273 0.04922241316955071 0.13463862041330898
0 0.9209733250189529 0.7528877516503201 0.052211020849682654 0.12996930113146804
0 0.980910404064025 0.7352962515521242 0.03817919187195003 0.13696873487468936
0 0.13215618058751383 0.9178010992378741 0.06151782468974849 0.12768009328594587
0 0.22592891264082518 0.9191277707826512 0.0951797708496825 0.13021928600615737
0 0.3128295190673159 0.9258822857115699 0.061790609329484526 0.13705509328594587
0 0.41361076906731586 0.9264686138722054 0.061654217009616555 0.13236759328594588
0 0.48197432416102315 0.9135873396717085 0.05924227084968266 0.13001020774732625
0 0.5843635382676459 0.9157452581914235 0.05683032468974858 0.12765282220870694
0 0.7004742715745984 0.906266239942855 0.054918483702664035 0.14248293667008766
0 0.7569743241610232 0.9151872428697214 0.05264292986259811 0.14481305113146803
0 0.8139828421077118 0.9147377909761273 0.04888143236988043 0.12291987041330898
0 0.9361162548815509 0.8974826341638774 0.04894962852981451 0.125263620413309
0 0.9828519045752909 0.8821848870907434 0.03429619084941819 0.13700055113146803