0 0.055434443098520504 0.46901362933640894 0.054708915354909224 0.13490225867281785
0 0.11117634470767483 0.4735653166772723 0.06300773441265974 0.10845793734086336
0 0.17329393245485875 0.46882382001909007 0.059030428596460995 0.11855964334022691
0 0.2299809750295057 0.475728348026726 0.07222419728589442 0.13978975334181776
0 0.2936064324548588 0.4702237827020893 0.059685992458431335 0.12793464334022692
0 0.34885666116753533 0.4677442200429526 0.060177665354909225 0.1349658933402269
0 0.4060518021330279 0.47075158871736134 0.06519294728589439 0.13970793734086334
0 0.4676612914893662 0.46990725139240636 0.062357524389416594 0.13264941534054522
0 0.518896009558381 0.465819735399406 0.05356167859646099 0.11849600867281787
0 0.5698411505238735 0.468754378739633 0.06573925050420311 0.14752043734086334
0 0.6287080521330279 0.4733424287475872 0.057506133423924057 0.13025112133990877
0 0.7532710095583809 0.4685469354312228 0.06268530632040167 0.13733691534054504
0 0.804833509558381 0.46914691943822245 0.052523702481674664 0.10365225867281787
0 0.14493861155552284 0.7331221300127266 0.057670024389416596 0.13259487133990894
0 0.20743861155552284 0.7338493833545444 0.06104639666547582 0.11389941534054522
0 0.2734078189808759 0.7283720900302258 0.059849883423923965 0.1302783933402271
0 0.3303680131646772 0.7391828680378618 0.056850569561953536 0.12087612133990877
0 0.37958676316467715 0.7397555800445434 0.05405335149293879 0.12552725867281786
0 0.44154045994636854 0.7326703333863612 0.059522101492938795 0.12559089334022708
0 0.49935295994636847 0.7333430427275426 0.06486516535490913 0.13502043734086336
0 0.5576189280153833 0.7293373427354968 0.057178351492938796 0.12556362133990878
0 0.6103068854407364 0.723705508076042 0.057670024389416596 0.13259487133990877
0 0.6685564280153834 0.7306282174172234 0.057506133423924057 0.13025112133990877
0 0.7260411460843981 0.7266134267584048 0.057833915354909136 0.13493862133990894
0 0.7843617444752438 0.723388976766359 0.054545024389416594 0.13255850867281788
0 0.8379237870498908 0.7302571421069042 0.054708915354909494 0.13490225867281785
0 0.9514999679921402 0.7581196074554034 0.057506133423924057 0.13025112133990896
0 0.9944113462149147 0.7409053827975395 0.01117730757017057 0.13721873667249973
0 0.16960474782943846 0.9184147400143174 0.06671724245843143 0.1280164593411815
0 0.2634093781512693 0.9202868700270443 0.10047488342392397 0.1307511080124087
0 0.35056517072591625 0.9275459340388164 0.06737280632040185 0.1373914593411815
0 0.45134642072591624 0.9287186300524976 0.06704502438941659 0.13270395934118148
0 0.5191677052547915 0.9162373587284971 0.06453738342392405 0.13033293734086335
0 0.6216207158984532 0.9189907360757239 0.062029742458431514 0.12796191534054485
0 0.7373167717146519 0.9101889954248594 0.060723968573217844 0.14277839334022674
0 0.7941677052547915 0.9194372734324954 0.058544109538710566 0.1450948713399086
0 0.8511443249329605 0.9193196421069041 0.053889460527446434 0.12318350867281787
0 0.9725440775308506 0.9027781267902217 0.05405335149293862 0.12552725867281822
0 0.9993512839670162 0.8878076547978576 0.001297432065967641 0.1372823713399086