0 0.08928001661996146 0.9105108060063543 0.052464917016302404 0.1569591120127086
0 0.07175693943583392 0.6792608060063545 0.052109719505813334 0.15227161201270895
0 0.24229458238221963 0.6955012349824663 0.0679948286340201 0.13538412094116267
0 0.247270115375206 0.9156091834403387 0.06532011452679143 0.16186480032431164
0 0.36355796620504294 0.9160785620921391 0.06713106826105779 0.1548744606327368
0 0.4199855649602876 0.9194041594943514 0.06478731826105784 0.15483355032431162
0 0.5172274178647169 0.9156400056787476 0.06155557448483506 0.1430738900158861
0 0.573288163715532 0.9235360624983524 0.05697481826105779 0.1529278750032951
0 0.6224477141304506 0.9244985827884203 0.05409827199532415 0.14762502232113447
0 0.6720216616409396 0.9281265716295009 0.051754521995324154 0.1437468567409983
0 0.8054844344614566 0.8894628839235107 0.052109719505813334 0.1522716120127086
0 0.8587870332167011 0.8927339342478223 0.05567242738926481 0.13750968262955965
0 0.92398598072719 0.8985532861142616 0.05715241701630234 0.15704093262955965
0 0.9720095216386566 0.8970959261301475 0.05598095672268677 0.1376051400158861
0 0.31321073362697505 0.6943984310047068 0.060253183613041904 0.1258863900158861
0 0.397893386946323 0.6896348388775003 0.05921182448483524 0.1430329797074606
0 0.504924636946323 0.6915030762955986 0.06155557448483524 0.1430738900158861
0 0.7843995720092574 0.724469129459284 0.05498626577154688 0.1593437723211343
0 0.8402235195197465 0.730124840092021 0.0597446207505687 0.15006422970746058
0 0.8889686728390945 0.7247339565689568 0.05531722987877572 0.13282218262955983
0 0.9439288599766211 0.7498800068932683 0.05531722987877572 0.13282218262956
0 0.9854133839288751 0.7235453778344308 0.029173232142249716 0.16407218262955983
0 0.889733654368255 0.4774186258058359 0.08460106556176542 0.06623470048646744
0 0.8760720508391258 0.38979589488055943 0.10821616431700995 0.0689875535707225
0 0.8773609410862191 0.314137375805836 0.1083937630722545 0.07133130357072251
0 0.8766020792587199 0.24234419642268698 0.06471461805127632 0.061206281249588115
0 0.8567972195058132 0.16631748457213394 0.09996595643355874 0.08366766233702042