0 0.03619933643857304 0.9103926073360908 0.043352353895034 0.1567227146721816
0 0.03216285267392272 0.6791426073360908 0.04327053327818299 0.1520352146721816
0 0.2019259277550006 0.6943965320257716 0.06015802434972928 0.1350477093411815
0 0.19405274674699857 0.9145726720241807 0.055934174511885 0.16155566534054522
0 0.3104317232080482 0.9143646813733163 0.058155193586608436 0.15455168734086336
0 0.3667226335164737 0.9173629593809522 0.05581144358660852 0.15452441534054487
0 0.4642834261301475 0.9130305427275427 0.053263142044480995 0.14277839334022674
0 0.5198885438248992 0.9214884800684059 0.04799894358660843 0.15443350867281785
0 0.5690936570554241 0.9212799420750875 0.04553246266133186 0.14737498667249974
0 0.6183942276722751 0.9264331483728391 0.04318871266133186 0.1471337032543218
0 0.7543629553511406 0.8851622707669954 0.04327053327818291 0.1520352146721816
0 0.8075288656595662 0.8881241861075406 0.04769893465815471 0.13724600867281822
0 0.8724544362764173 0.8935662114496765 0.04803985389503396 0.15677725867281786
0 0.9231947759679917 0.8918133547899035 0.05316768465815471 0.13730964334022672
0 0.27297876744657507 0.6928800327020893 0.052963133116027274 0.1255908933402269
0 0.35802592329077376 0.687620915380316 0.050919392044480906 0.14275112133990894
0 0.46505717329077373 0.688866336728179 0.053263142044480995 0.1427783933402269
0 0.7428918469918798 0.7202185234324954 0.04573701420345948 0.15909373667249974
0 0.7984424176087309 0.7255514607733586 0.05104212296975739 0.14978237133990877
0 0.8475520734529296 0.7198741727800402 0.047617114041303664 0.13255850867281788
0 0.9010998133066597 0.7447110881205854 0.047617114041303664 0.13255850867281788
0 0.9584350263750288 0.7180400474617669 0.04816258482031053 0.16380850867281788
0 0.8627604675293007 0.4724451894493583 0.08081935186643889 0.06577099801081765
0 0.8542018993480817 0.38486337344840377 0.10429776217486478 0.06838746801399935
0 0.8599103827089902 0.30916393944935827 0.10433867248328994 0.07073121801399936
0 0.8633432999172743 0.23734348344999465 0.061206281249587845 0.060856231341499624
0 0.8479580332781829 0.16139860144808563 0.09518186079489296 0.08312213001272672