0 0.1730504427598262 0.8596829879853644 0.11602866431701005 0.06847837468172671
0 0.16765439296960766 0.9535784386537278 0.10388386182749909 0.07302042401336309
0 0.1234853827971381 0.6905789993236823 0.13373730518880328 0.08585677868395365
0 0.11913957968292725 0.602270477323364 0.10934095643355875 0.08323121801399935
0 0.2997902029090738 0.1794853159611836 0.052795881123530994 0.13018748667249974
0 0.31915920000928877 0.3731807719605473 0.058797427389264634 0.13728237133990878
0 0.3422120720092574 0.7083642939608654 0.06009981826105788 0.15446987133990878
0 0.356443283216701 0.87553361262732 0.05715241701630234 0.15677725867281786
0 0.396295920764502 0.7100807879535476 0.06350916079252507 0.1685596433402269
0 0.40685768031227154 0.8804205599538658 0.05697481826105784 0.15443350867281821
0 0.46063387574816816 0.8883961446133206 0.05750761452679143 0.16146475867281787
0 0.5121963757481682 0.8877961606063209 0.06063261452679143 0.1615011213399086
0 0.496651118274991 0.7136046826066391 0.049943568261057794 0.15435169267186347
0 0.44834367283909443 0.7055654632797752 0.05551906203728052 0.16612498667249972
0 0.5429933220092573 0.7060279926002757 0.05228731826105779 0.1543789646721816
0 0.5585385794824346 0.8802194705999575 0.051754521995324154 0.14734771467218125
0 0.5932417757435238 0.6984058492600489 0.05264251577154688 0.1590664646721816
0 0.6087870332167009 0.8725973272597306 0.05715241701630234 0.15677725867281786
0 0.6539811340465379 0.8705075685869128 0.05228731826105779 0.1543789646721816
0 0.7052476361211305 0.8660013345799131 0.059922219505813244 0.15212612133990894
0 0.6405311728390944 0.7033291592536856 0.06098781203728052 0.16618862133990894
0 0.6886959857015675 0.6785286065802312 0.05409827199532415 0.14737498667249974
0 0.34947089419578553 0.19532794462127484 0.061579807888095674 0.17400112133990878
0 0.3681411516689627 0.36948305995386577 0.051754521995324244 0.1473477146721816
0 0.41773840996733247 0.35326716661363883 0.05626442324007978 0.14505850867281786
0 0.40319954544054104 0.19235693861395697 0.05733001577154688 0.15912100867281787
0 0.4522048078880957 0.16832854527373 0.06315396328203597 0.16387214334022696
0 0.4682828616270064 0.34955127327341184 0.05786281203728052 0.16615225867281785
0 0.5014235578880957 0.16775583326704852 0.05498626577154688 0.15909373667249974
0 0.5200229603822509 0.35129503926641215 0.05664385415382931 0.18096873667249974
0 0.5670280149463544 0.3421467585932761 0.05463106826105779 0.15440623667249972
0 0.5488313541538293 0.17424164326068517 0.05697481826105779 0.15443350867281785
0 0.6000386566433402 0.16895415925368548 0.05463106826105779 0.15440623667249972
0 0.6149094078927401 0.35488256858691275 0.05821800954776961 0.17083975867281787
0 0.6502395661864654 0.1503854252466858 0.05608682448483506 0.14271475867281785
0 0.663263474904398 0.3222604252466858 0.05804041079252507 0.16849600867281794
0 0.7017312112074435 0.15916953190645883 0.05715241701630234 0.15677725867281792
0 0.7151811724148871 0.3263479412396861 0.05498626577154688 0.15909373667249974
0 0.7482034695058133 0.14299000123332278 0.05697481826105779 0.1544335086728179
0 0.7624346807132569 0.3101593198997773 0.060277417016302334 0.15681362133990878
0 0.798783809962688 0.16038603922664127 0.048285979878775365 0.13247669267186338
0 0.8103277290535831 0.3127297892266413 0.05534146328203597 0.16378123667249972
0 0.862245426564072 0.3168173052196416 0.056974818261058144 0.15443350867281785
0 0.8450076145267914 0.15124684922027792 0.05697481826105779 0.1544335086728179
0 0.7598759365360489 0.8645837379058225 0.05228731826105779 0.1543789646721816
0 0.8048332390255599 0.8593689792330046 0.05228731826105779 0.1543789646721816
0 0.7912648786479533 0.6906280698997773 0.0542758707505687 0.14971873667249974
0 0.8415366431701002 0.662675245226005 0.05409827199532415 0.14737498667249974
0 0.8558512873658859 0.8619030858927778 0.05317531203728052 0.1660977146721816
0 0.905543634046538 0.8675803738860962 0.054631068261058145 0.15440623667249972
0 0.8916317315523827 0.6839866238860962 0.05587425954776961 0.17081248667249974
0 0.9405069394358339 0.6685610712126419 0.05332867738926446 0.13721873667249973
0 0.9534007935896632 0.8490389118794146 0.05317531203728052 0.1660977146721816
0 0.9900726680594041 0.8499832465388695 0.019854663881191927 0.1637539646721816
0 0.9827707221549826 0.6851849498727332 0.034458555690034844 0.14732044267186345
0 0.9373960240699166 0.13218721920755122 0.04671182448483506 0.14260567067154523
0 0.9802416158205091 0.14255200720086975 0.03951676835898184 0.14503123667249973
0 0.9117834852773603 0.2998201618794146 0.05264251577154688 0.1590664646721816
0 0.9596173340326049 0.30160938120627856 0.05264251577154688 0.1590664646721816
0 0.9908667880734157 0.30966678186668795 0.018266423853168588 0.17619942067154523
0 0.08315696473192852 0.06549718332272776 0.16589953236828647 0.12916188335454448