0 0.17578125 0.67578125 0.10078125 0.0625
0 0.39765625 0.6296875 0.0453125 0.125
0 0.396875 0.7765625 0.03828125 0.134375
0 0.44609375 0.775 0.05078125 0.1421875
0 0.48671875 0.61640625 0.05078125 0.146875
0 0.4484375 0.9546875 0.103125 0.0625
0 0.55859375 0.9546875 0.09375 0.0625
0 0.67578125 0.953125 0.08671875 0.05546875
0 0.79921875 0.95078125 0.0984375 0.06484375
0 0.91015625 0.9484375 0.103125 0.06953125
0 0.4546875 0.4125 0.1296875 0.09375
0 0.2359375 0.85 0.071875 0.17578125
0 0.38828125 0.13359375 0.0453125 0.13203125
0 0.44140625 0.140625 0.0453125 0.12734375
0 0.4890625 0.1515625 0.040625 0.1203125
0 0.53515625 0.1546875 0.0453125 0.13203125
0 0.58515625 0.15390625 0.0453125 0.134375
0 0.63359375 0.14765625 0.0453125 0.11796875
0 0.73046875 0.14453125 0.03828125 0.10078125
0 0.77890625 0.13828125 0.03828125 0.12265625
0 0.8296875 0.1421875 0.04296875 0.1296875
0 0.38359375 0.28125 0.05078125 0.14453125
0 0.44140625 0.3015625 0.05078125 0.1421875
0 0.49375 0.29296875 0.0453125 0.1390625
0 0.540625 0.29453125 0.04296875 0.11328125
0 0.58671875 0.29296875 0.0484375 0.125
0 0.634375 0.30078125 0.04296875 0.134375
0 0.6875 0.303125 0.0484375 0.14921875
0 0.734375 0.29296875 0.040625 0.14921875
0 0.78984375 0.2765625 0.0453125 0.134375
0 0.83671875 0.2921875 0.03828125 0.146875
0 0.8796875 0.28828125 0.03828125 0.14453125
0 0.92578125 0.27734375 0.0484375 0.1421875
0 0.97734375 0.2796875 0.0453125 0.12734375
0 0.8765625 0.13359375 0.040625 0.13203125
0 0.921875 0.11796875 0.040625 0.1203125
0 0.9703125 0.13359375 0.040625 0.1421875
0 0.49296875 0.77890625 0.03828125 0.134375
0 0.53984375 0.76953125 0.040625 0.1296875
0 0.5828125 0.74375 0.0453125 0.12265625
0 0.634375 0.7609375 0.0484375 0.1421875
0 0.6859375 0.75859375 0.040625 0.11796875
0 0.734375 0.75 0.040625 0.134375
0 0.78359375 0.7609375 0.04296875 0.1421875
0 0.834375 0.75 0.04296875 0.134375
0 0.8796875 0.74375 0.03828125 0.11796875
0 0.92578125 0.734375 0.04296875 0.13671875
0 0.97578125 0.7328125 0.0484375 0.14453125
0 0.53984375 0.6234375 0.040625 0.13671875
0 0.5875 0.609375 0.040625 0.11796875
0 0.63125 0.609375 0.040625 0.1421875
0 0.6828125 0.6140625 0.04296875 0.1421875
0 0.734375 0.60546875 0.0453125 0.1390625
0 0.7828125 0.60234375 0.040625 0.13671875
0 0.8296875 0.60234375 0.04296875 0.1515625
0 0.87734375 0.59765625 0.04296875 0.1421875
0 0.92421875 0.58984375 0.040625 0.13203125
0 0.97265625 0.58515625 0.040625 0.13203125