0 0.3064038503040112 0.07694157129218371 0.14914710722409338 0.11496302335295364
0 0.4086772520143474 0.4001239852800934 0.19112901878308025 0.09124426002545331
0 0.573892369618564 0.5607785799252307 0.07852820110231384 0.16411759134309048
0 0.4599399575652856 0.5839899079408208 0.13983843281352523 0.07815336668522654
0 0.43987680836358833 0.6670751279440026 0.110263679353484 0.06141076201463562
0 0.20769170805957718 0.5892699433084102 0.07618445110231394 0.16409031934277235
0 0.7573416092012597 0.11390193789786833 0.14278701927737192 0.09302438868554459
0 0.7813613824329643 0.22383092122855025 0.14726893083635878 0.06886927335295363
0 0.9241391314443812 0.21747982920914208 0.14961268083635879 0.06889654535327176
0 0.9232716512160447 0.3112843732097784 0.14999468281352507 0.07827154535327185
0 0.7763966512160446 0.31299341856305024 0.13964743182494194 0.07346586668522637
0 0.7692791709877081 0.40687068789786834 0.14218218281352507 0.0781806386855445
0 0.9192473374896111 0.4043440298775057 0.13546926779449747 0.08591132268459009
0 0.9205326062726911 0.4934338018778238 0.1397429323192334 0.07580961668522637
0 0.76831619026508 0.4983314818985047 0.1373036818249421 0.07343859468490824
0 0.7723762905690912 0.5787911412317319 0.12998593034206732 0.06632552868395365
0 0.9231575405690912 0.5770366425445965 0.1370171803420675 0.06640734468490841
0 0.7814422258540743 0.6670087565643229 0.1396474318249421 0.07346586668522637
0 0.9290984758540743 0.6652906205442783 0.1371126808363588 0.06875109468490823
0 0.9240700776409604 0.7528906178787784 0.1452116823192334 0.07587325135263541
0 0.9395605021379204 0.8370565325430057 0.12087899572415921 0.07572780068427179
0 0.7825139304164294 0.8467689818985047 0.12834251730020546 0.08348575668363552
0 0.7871788671842872 0.9420723912317321 0.1350554323192336 0.07575507268458992
0 0.5660002510629452 0.7891035745942305 0.06934420209089716 0.16869600334181775
0 0.44087557566379393 0.7491336499443207 0.139965766805914 0.08127836668522655
0 0.44512667695638825 0.834280809277548 0.16171343281352524 0.07840790535486271
0 0.45779511471282924 0.9341808119430481 0.15480951680591387 0.08145108935390795
0 0.21615941855343124 0.7970824433084103 0.07647095258518866 0.17112156934277217
0 0.22222237064432834 0.965060283975183 0.07451718034206722 0.06568009134309065