0 0.303125 0.08046875 0.14453125 0.11328125
0 0.3921875 0.4046875 0.1875 0.0890625
0 0.55078125 0.5671875 0.071875 0.16328125
0 0.4359375 0.5890625 0.13671875 0.0765625
0 0.4125 0.671875 0.1078125 0.06015625
0 0.18359375 0.59140625 0.06953125 0.16328125
0 0.75234375 0.12265625 0.1390625 0.09140625
0 0.771875 0.2328125 0.14453125 0.0671875
0 0.91484375 0.228125 0.146875 0.0671875
0 0.91015625 0.321875 0.146875 0.0765625
0 0.76328125 0.321875 0.13671875 0.071875
0 0.75234375 0.415625 0.1390625 0.0765625
0 0.90234375 0.41484375 0.13203125 0.084375
0 0.9 0.50390625 0.13671875 0.07421875
0 0.74765625 0.50703125 0.134375 0.071875
0 0.7484375 0.5875 0.12734375 0.06484375
0 0.89921875 0.5875 0.134375 0.06484375
0 0.75390625 0.67578125 0.13671875 0.071875
0 0.9015625 0.67578125 0.134375 0.0671875
0 0.89296875 0.76328125 0.1421875 0.07421875
0 0.9109375 0.84765625 0.1296875 0.07421875
0 0.74765625 0.85546875 0.125 0.08203125
0 0.7484375 0.95078125 0.13203125 0.07421875
0 0.53359375 0.7953125 0.0625 0.16796875
0 0.41015625 0.75390625 0.13671875 0.0796875
0 0.4109375 0.8390625 0.15859375 0.0765625
0 0.41953125 0.9390625 0.1515625 0.0796875
0 0.18359375 0.79921875 0.06953125 0.1703125
0 0.1828125 0.9671875 0.071875 0.06484375