0 0.5240494108995624 0.21442810754518668 0.12425412878738662 0.21135233157389965
0 0.5314557129109834 0.7429798015388323 0.10682096732199753 0.20636482264544592
0 0.5754424875599271 0.9661965530627498 0.25154588986866316 0.06760689387450043
0 0.871800751920564 0.7137964565689566 0.11636970771105908 0.16516312418757337
0 0.9717847656596031 0.7533965190681329 0.05643046868079367 0.22967959172016955
0 0.08215283299194284 0.9271488810874324 0.07312431874690702 0.11445401217486477
0 0.08909779454818917 0.7617966164769358 0.10560262607385329 0.13843698295387147
0 0.07042195838842762 0.6139494517042834 0.08237648801421238 0.11227390340856669
0 0.04872626356766731 0.3637994472400564 0.0660078595655099 0.12759889448011288
0 0.049131298054692116 0.20769945170428333 0.0833591338757694 0.13102390340856668
0 0.021448954093014456 0.06671989569792891 0.041874318746907016 0.11390854139585782