0 0.04611466804581607 0.33725456030485035 0.06738913669636228 0.21912724990180407
0 0.12738284937936153 0.3383443616327102 0.06244709802672603 0.19722497882456533
0 0.20082944004613426 0.33869836475596815 0.05577947469763489 0.22843407220870704
0 0.27175955804422525 0.32422225341784555 0.06738913669636233 0.21912724990180416
0 0.44126353604390706 0.3208921994577071 0.060194254694453164 0.20502384328594586
0 0.5124663740451798 0.32985358811958443 0.06275618069699859 0.22378747882456523
0 0.5881476267106798 0.320818955704223 0.06490902669477147 0.20739486436318472
0 0.6710055800445434 0.3242434166730032 0.0674436806969986 0.22381474990180417
0 0.7427533107097253 0.3128877601553408 0.062283466024817005 0.18316247882456532
0 0.8187163740451797 0.32807187773997937 0.06973288669636232 0.21914088544042354
0 0.8968050113780889 0.32449235978599844 0.0720493646960442 0.216810770979043
0 0.9708130340149538 0.32795318219109715 0.05837393197009248 0.2269170240041051
0 0.08010205342931377 0.7066130934823376 0.14028974001431752 0.106277791958086
0 0.2389781614417223 0.7971012172152963 0.1378914460136812 0.10157665641946637
0 0.5389316134229504 0.6570655279129299 0.14556758601209036 0.08990335821486468
0 0.7125247494429949 0.803721838414172 0.07227663136536222 0.236342020979043
0 0.7930934967774949 0.8118474349215716 0.06504538669636233 0.2191136143631848
0 0.8759150874442675 0.812146895890352 0.07199482069540793 0.212123270979043
0 0.9555662247771768 0.8085582875772914 0.06738913669636233 0.21912724990180407
0 0.24121391812535786 0.9220966720357563 0.15033690201304487 0.09696187929210325