0 0.03826033195418393 0.337990896005727 0.06738913669636228 0.219504525342136
0 0.11949215062063848 0.34049882535009013 0.062447098026726065 0.19757498134149962
0 0.19292055995386576 0.342134598026726 0.05577947469763496 0.22874316534054512
0 0.2641779419557747 0.32889934870304377 0.06738913669636233 0.21950452534213588
0 0.43373646395609294 0.32852827339272456 0.060194254694453164 0.2053602093411815
0 0.5047211259548202 0.33873052406904225 0.06275618069699859 0.22413748134149963
0 0.5806023732893202 0.33101856874599633 0.06490902669477147 0.20775850334181775
0 0.6633694199554566 0.33588842942390496 0.0674436806969986 0.22419202534213598
0 0.7353716892902747 0.3257872707669954 0.062283466024817005 0.1835124813414996
0 0.8109711259548202 0.34229406544394947 0.06973288669636232 0.21953179734245412
0 0.8891324886219112 0.34007813212122173 0.0720493646960442 0.21721531934277233
0 0.9656495352880476 0.34487526746494845 0.06357379336408968 0.2272715720082724
0 0.06689640828892249 0.7078675913430905 0.13379281657784498 0.10708688868554468
0 0.22039683855827769 0.8011101560311804 0.13789144601368122 0.10237211668522654
0 0.5235683865770496 0.6663379034054513 0.14556758601209036 0.09074427335295354
0 0.6937252505570051 0.8159941000954503 0.07227663136536222 0.23674656934277216
0 0.7740940032225051 0.8255241887730407 0.06504538669636233 0.21947725334181775
0 0.8568974125557325 0.8272690494509491 0.07199482069540793 0.21252781934277215
0 0.9366212752228232 0.8250712974617669 0.06738913669636233 0.21950452534213588
0 0.21972358187464214 0.926119246697953 0.15033690201304487 0.09783006735358982