0 0.03825354011651942 0.35 0.07355247492717536 0.21875
0 0.12717128760923696 0.328125 0.07796719028743926 0.209375
0 0.23860889278208647 0.3109375 0.0775352812745238 0.19453125
0 0.32638167742182256 0.3015625 0.07548704796757129 0.2046875
0 0.42462896080791734 0.28125 0.08215458511458987 0.1921875
0 0.5160208389420206 0.30859375 0.07505513895465583 0.18984375
0 0.625100322248973 0.31875 0.062495302982136104 0.1609375
0 0.7186230017158597 0.3265625 0.07760347743445788 0.196875
0 0.8237878748353978 0.31015625 0.08024274412750536 0.20703125
0 0.9202226056350679 0.2984375 0.08584788644737315 0.21171875
0 0.918940216613905 0.0203125 0.15743206677218993 0.040625
0 0.2104107187919832 0.6625 0.11013116943775669 0.0796875
0 0.43292221628470073 0.640625 0.15208298871722886 0.0984375
0 0.6949221111118513 0.6578125 0.16614548871722903 0.0984375
0 0.8913424700456243 0.6734375 0.16580450791755866 0.08671875
0 0.8502327705869851 0.95859375 0.1586595976510022 0.0828125
0 0.6576277334399666 0.94609375 0.15704327335696497 0.1078125
0 0.3768180026402965 0.9578125 0.18761131175762474 0.084375
0 0.13233221674691914 0.95625 0.16035848997087018 0.0875
0 0.0069687847062430905 0.95859375 0.013937569412486181 0.0828125