0 0.0484375 0.35 0.0671875 0.21875
0 0.13671875 0.328125 0.071875 0.209375
0 0.24765625 0.3109375 0.071875 0.19453125
0 0.33515625 0.3015625 0.06953125 0.2046875
0 0.4328125 0.28125 0.0765625 0.1921875
0 0.525 0.30859375 0.06953125 0.18984375
0 0.634375 0.31875 0.0578125 0.1609375
0 0.728125 0.3265625 0.071875 0.196875
0 0.8328125 0.31015625 0.07421875 0.20703125
0 0.92890625 0.2984375 0.0796875 0.21171875
0 0.91953125 0.0203125 0.15625 0.040625
0 0.2296875 0.6625 0.1078125 0.0796875
0 0.4515625 0.640625 0.14921875 0.0984375
0 0.7140625 0.6578125 0.16328125 0.0984375
0 0.9109375 0.6734375 0.16328125 0.08671875
0 0.878125 0.95859375 0.15625 0.0828125
0 0.68515625 0.94609375 0.15390625 0.1078125
0 0.4046875 0.9578125 0.18515625 0.084375
0 0.16015625 0.95625 0.1578125 0.0875
0 0.0203125 0.95859375 0.040625 0.0828125