0 0.5328125 0.84765625 0.12265625 0.0796875
0 0.0328125 0.2015625 0.06484375 0.15859375
0 0.11875 0.21171875 0.13203125 0.16796875
0 0.22265625 0.2140625 0.11796875 0.16328125
0 0.31953125 0.2140625 0.115625 0.14453125
0 0.40859375 0.21015625 0.1203125 0.13671875
0 0.47109375 0.15625 0.1109375 0.14921875
0 0.57109375 0.18515625 0.11796875 0.16796875
0 0.640625 0.1703125 0.11796875 0.178125
0 0.7453125 0.17578125 0.1203125 0.1875
0 0.85234375 0.178125 0.1421875 0.196875
0 0.93984375 0.16953125 0.09609375 0.13203125
0 0.9796875 0.10234375 0.040625 0.1078125
0 0.0421875 0.50625 0.06953125 0.165625
0 0.12109375 0.51171875 0.0796875 0.15390625
0 0.2078125 0.50859375 0.07421875 0.17578125
0 0.2828125 0.50625 0.06484375 0.165625
0 0.3703125 0.51953125 0.0765625 0.178125
0 0.4546875 0.50625 0.071875 0.15625
0 0.53984375 0.5109375 0.07421875 0.1703125
0 0.625 0.51171875 0.0625 0.134375
0 0.70546875 0.5109375 0.07421875 0.1609375
0 0.78828125 0.51328125 0.0765625 0.165625
0 0.87109375 0.50703125 0.07421875 0.16328125
0 0.95078125 0.525 0.07421875 0.17578125
0 0.04296875 0.69453125 0.0765625 0.1921875
0 0.1265625 0.69453125 0.07421875 0.1828125
0 0.20703125 0.7078125 0.0765625 0.18515625
0 0.29296875 0.7015625 0.0765625 0.178125
0 0.37890625 0.71171875 0.07421875 0.1875
0 0.46171875 0.69453125 0.0765625 0.1828125
0 0.53828125 0.6921875 0.071875 0.1828125
0 0.615625 0.6921875 0.0765625 0.1734375
0 0.69921875 0.69609375 0.0765625 0.18515625
0 0.79453125 0.7015625 0.0796875 0.178125
0 0.8765625 0.6859375 0.0796875 0.1703125
0 0.96484375 0.7125 0.06953125 0.1609375