0 0.46858095018655954 0.8507560624461498 0.1286946076783142 0.08040109318774995
0 0.027984819967371687 0.20175339754067195 0.055969639934743375 0.15897099990180416
0 0.10270691244291026 0.21240961729005092 0.14475916079252507 0.1687368853422277
0 0.20643556368766572 0.21535787616884555 0.13034146328203597 0.1639675721105111
0 0.30331056368766574 0.21592147843178183 0.1265769232400797 0.14520393657189173
0 0.3926690616130733 0.21253337889932006 0.13067242738926463 0.13741870764913058
0 0.45925383298369765 0.15899074326250476 0.12224462075056874 0.1498641654946528
0 0.5570634483356817 0.1884787762436003 0.13069666079252507 0.16865507211051112
0 0.6277194904522304 0.17403954722264328 0.13146625539858475 0.17881132211051115
0 0.7319925933566598 0.18011735128097764 0.13452040041956295 0.18819995764913058
0 0.8388462446014152 0.18308379087793147 0.15710579544054112 0.1977022226762452
0 0.9269974400373119 0.17499910098639007 0.10609847987877537 0.13259030708339653
0 0.9719323543543219 0.1080434051429203 0.04879454274124839 0.10804884933607006
0 0.022433474942910252 0.5064954396951497 0.044866949885820503 0.166029520979043
0 0.08231802177160966 0.5124232528286704 0.09134981826105788 0.1543698583130606
0 0.1692735701119357 0.5098027677575893 0.08753865664334018 0.1762130420562819
0 0.24445116886718027 0.5078953549934108 0.07739406203728053 0.16600224990180407
0 0.3309447759207945 0.5216856651018694 0.09006000539858476 0.17857042759490122
0 0.41632616886718027 0.5088952944921687 0.08371491701630233 0.15666815651766247
0 0.5011272213566912 0.5140782190620079 0.08712425954776962 0.17074429205628192
0 0.5862242717716096 0.515354893631847 0.07268232863402009 0.1347386143631848
0 0.6667522213566912 0.5150417971244474 0.08641386452679142 0.16136929205628192
0 0.7493871226014466 0.517867336155667 0.08911281203728053 0.1660704275949012
0 0.8326732192820987 0.5120991251868869 0.08659146328203597 0.16371304205628193
0 0.9109991288252239 0.5305314834999473 0.08753865664334022 0.1762130420562819
0 0.01795155891378091 0.6947812348746896 0.03590311782756182 0.1926329275949012
0 0.07393406886253584 0.6952675690854491 0.08807145290907381 0.18324429205628193
0 0.15339642591615013 0.7090169725780493 0.09059280166431831 0.1856016775949012
0 0.23980752259680224 0.7032669423274284 0.09006000539858475 0.17857042759490122
0 0.3249754279907426 0.7139231620768072 0.08842665041956285 0.1879317920562819
0 0.4090903188625358 0.697217451108027 0.09041520290907382 0.1832579275949012
0 0.48583041761778034 0.6953191287029282 0.08572770290907386 0.1832306565176623
0 0.5631741676177804 0.6957691014773694 0.08970480788809568 0.1738829275949012
0 0.6464719196923727 0.700161685688129 0.0905928016643184 0.1856016775949012
0 0.7413700225968023 0.7061849475919857 0.09318500539858476 0.17858860831306062
0 0.8245852642984325 0.6910371914436656 0.09259300954776961 0.17077610831306062
0 0.9108537284056611 0.7181132967316639 0.08172636452679143 0.161342020979043