0 0.5130830817845479 0.8445564375538502 0.12451099715020834 0.08040109318774995
0 0.031194305495060713 0.201371602459328 0.062388610990121426 0.1589709999018041
0 0.11382219139503455 0.21102788270994904 0.13594076605190986 0.1687368853422277
0 0.2176738900082637 0.2127671238311545 0.12176916327836818 0.1639675721105112
0 0.3145488900082637 0.21220352156821817 0.11898900218420154 0.14520393657189173
0 0.4037023089862151 0.20777912110067995 0.12349466422829866 0.13741870764913058
0 0.46745699088194426 0.15350925673749527 0.11441060495774309 0.14986416549465287
0 0.566784190445104 0.18183372375639972 0.12187826605190999 0.16865507211051117
0 0.6366609325613194 0.16658545277735676 0.12211465539458359 0.17881132211051112
0 0.7412211459921874 0.17144514871902233 0.12467661094166686 0.18819995764913053
0 0.8481978446054166 0.17316620912206854 0.14676981648875015 0.1977022226762452
0 0.9358978663569097 0.16406339901360995 0.09916681145475721 0.13259030708339647
0 0.9773054227776736 0.09664409485707967 0.0431343637914587 0.10804884933607006
0 0.03354875389503455 0.5060045603048503 0.0670975077900691 0.166029520979043
0 0.10918336388836762 0.5110142471713296 0.08326970773128486 0.1543698583130606
0 0.19597484907072873 0.5073847322424108 0.07831010400781264 0.1762130420562819
0 0.27102940045749957 0.5046046450065893 0.068698714665139 0.16600224990180407
0 0.3582202759324648 0.5173768348981306 0.08070840539458342 0.17857042759490122
0 0.44290440045749957 0.5036047055078312 0.07551175911805572 0.15666815651766247
0 0.5279515476839579 0.5077967809379921 0.07818281743868064 0.17074429205628192
0 0.6130896138883676 0.508082606368153 0.06562761284152785 0.1347386143631848
0 0.6935765476839579 0.5068332028755526 0.07796461189159735 0.16136929205628192
0 0.7763344962971871 0.5086951638443329 0.080417464665139 0.1660704275949012
0 0.8592924666619094 0.5019633748131132 0.07801916327836836 0.16371304205628193
0 0.9385617393633329 0.5194685165000527 0.0783101040078126 0.1762130420562819
0 0.03366060628892336 0.6942812651253105 0.06732121257784672 0.1926329275949012
0 0.11039710572024249 0.6937949309145509 0.07847375816812514 0.18324429205628193
0 0.19055673119520775 0.7066080274219507 0.08087205955489596 0.1856016775949012
0 0.27663970155992995 0.6998580576725717 0.0807084053945835 0.17857042759490122
0 0.36234081221725634 0.7095143379231927 0.07858286094166686 0.18793179205628174
0 0.44555335572024257 0.691845048891973 0.08081750816812523 0.1832579275949012
0 0.5221704071070133 0.6890558712970718 0.07613000816812523 0.1832306565176623
0 0.5995141571070134 0.6886058985226307 0.08059930262104195 0.1738829275949012
0 0.6830169881290619 0.692025814311871 0.08087205955489588 0.1856016775949012
0 0.7782022015599299 0.6969400524080143 0.08383340539458359 0.17858860831306062
0 0.8605971274717354 0.6808378085563345 0.08365156743868063 0.17077610831306062
0 0.948260128421666 0.7068867032683361 0.07327711189159736 0.161342020979043