0 0.4050365601747791 0.5274453065924172 0.19093254005001245 0.11905959308955402
0 0.5717286520197935 0.7065702460911751 0.09130827625995881 0.23877212939029918
0 0.7567485096999255 0.7123349536421097 0.08662077625995898 0.23874485831306042
0 0.8458792058598595 0.710509354109648 0.08142481089969493 0.24808804205628193
0 0.9410553135399915 0.7157513660135046 0.08363216857982678 0.2434141775949012
0 0.9042459161390515 0.2084201341638773 0.08646165188677948 0.2332761083130605
0 0.8142119495251464 0.18758039333725948 0.08326845572684541 0.23091417759490124
0 0.7198170918450144 0.18234292661294266 0.09151286473976086 0.24580337939029934
0 0.6248001085380619 0.17163216470908593 0.0834275801000249 0.2363829275949013
0 0.5394165380049485 0.1789492401392468 0.09108095572684541 0.23095962939029935
0 0.4398484470178639 0.16352370715815126 0.07733069279472175 0.18791815651766242
0 0.3436183046979958 0.16765215007475476 0.08313206340697743 0.22622667759490128
0 0.13612405344435458 0.1555056323171656 0.0908763672470434 0.22392837939029936
0 0.0552233944314391 0.1698812288245653 0.08363216857982692 0.2434141775949013
0 0.02765258236040401 0.5517670330792914 0.05530516472080802 0.098842020979043
0 0.07774886492182255 0.6591119004675382 0.1554977298436451 0.11191471360105894
0 0.07690686315691529 0.7809778101084586 0.15381372631383058 0.10570562021691714
0 0.06941855337868022 0.9106334938516799 0.13883710675736044 0.11423119252382001