0 0.04296875 0.39921875 0.0671875 0.21640625
0 0.12109375 0.41015625 0.06484375 0.165625
0 0.20078125 0.396875 0.06953125 0.22109375
0 0.28125 0.41015625 0.071875 0.19453125
0 0.3640625 0.39921875 0.06953125 0.196875
0 0.4515625 0.396875 0.071875 0.22109375
0 0.6234375 0.521875 0.15625 0.1109375
0 0.80625 0.3921875 0.07421875 0.21171875
0 0.8921875 0.39921875 0.071875 0.22109375
0 0.96484375 0.3890625 0.06015625 0.196875
0 0.9578125 0.88046875 0.084375 0.2390625
0 0.875 0.88828125 0.071875 0.2234375
0 0.78828125 0.8765625 0.071875 0.2328125
0 0.71015625 0.87890625 0.06484375 0.209375
0 0.40390625 0.8953125 0.0671875 0.2046875
0 0.32578125 0.890625 0.07421875 0.21875
0 0.23828125 0.89921875 0.0671875 0.2015625
0 0.15390625 0.8953125 0.0671875 0.209375
0 0.0734375 0.89140625 0.071875 0.2171875