0 0.029806385006809055 0.39896876512531054 0.05961277001361811 0.21679713544042353
0 0.09720486881113961 0.40945174717132965 0.07449030773721602 0.16600224990180407
0 0.17766591353535033 0.39570688885826916 0.08240849452656662 0.221498270979043
0 0.25736111881113966 0.4085199853656688 0.08320515507814523 0.19494940651766246
0 0.3408106556428426 0.39710069633444905 0.08099791297065302 0.197279520979043
0 0.4284471635353503 0.3942478862259905 0.08475224452656671 0.22151190651766245
0 0.5930417426016025 0.5182479467272325 0.1627113735787013 0.11184653590796181
0 0.7834076793203659 0.3874968747149172 0.08654996295653561 0.21215054205628184
0 0.8689356556428425 0.3940281549655383 0.08475224452656675 0.22151190651766237
0 0.9421834398437096 0.38344920326833604 0.07162291297065301 0.19722497882456524
0 0.906531035047913 0.8748963598841943 0.09829880503579283 0.23955337939029953
0 0.8232635087395538 0.8831906489154141 0.08488875241907437 0.2238556565176623
0 0.7372272982020927 0.8719764138443328 0.0854347839891055 0.23323065651766237
0 0.6589657903095849 0.8747746817983139 0.07703845506402765 0.20975224990180408
0 0.35176023506203047 0.8929626421779189 0.07910918927901225 0.20507838544042337
0 0.273908250847046 0.8887296601318997 0.08695948663405888 0.2191817920562819
0 0.18590772190785088 0.8978324702403583 0.0789271787556685 0.2019533854404237
0 0.1017602350620305 0.8944170996306576 0.07938220506402778 0.2097658854404237
0 0.03189068195120181 0.8909790031232581 0.06378136390240362 0.21760565651766228