0 0.0843439382620396 0.50625 0.12332239258219668 0.146875
0 0.13366010628614955 0.2546875 0.10031201775153882 0.259375
0 0.23794149253676816 0.23203125 0.08651178934826484 0.18984375
0 0.3407356218899818 0.240625 0.09430435719066069 0.27890625
0 0.5485481218899817 0.240625 0.10006635628614972 0.2546875
0 0.639797241632257 0.2078125 0.09710845262267646 0.24296875
0 0.9539953208388429 0.2546875 0.09200935832231423 0.2640625
0 0.5574649349826792 0.634375 0.20342597241038013 0.125
0 0.09369011928798998 0.81875 0.09574734848423345 0.26171875
0 0.19661040140016559 0.81484375 0.09464187188998183 0.240625
0 0.29994011928798997 0.81875 0.09398677464894378 0.228125
0 0.4086190784693871 0.80546875 0.10265576775153881 0.259375
0 0.9154523178134955 0.77890625 0.169095364373009 0.125
0 0.9239066269494642 0.91796875 0.15218674610107144 0.115625