0 0.0578125 0.5065863432859459 0.115625 0.14754768657189174
0 0.1203125 0.25538745764913057 0.08671875 0.2598795149289188
0 0.22578125 0.23334480688700476 0.0765625 0.1902891775949013
0 0.328125 0.24253397540671973 0.0796875 0.2793698583130605
0 0.5359375 0.24374299316430886 0.08671875 0.2551920149289188
0 0.62890625 0.21147136952954612 0.084375 0.24345962939029936
0 0.94609375 0.26019171242270855 0.0890625 0.2645806504675382
0 0.52421875 0.6374248154712118 0.196875 0.12614538524403188
0 0.05078125 0.8190454366700877 0.08203125 0.2621959938516799
0 0.15390625 0.8157391503693423 0.08203125 0.2411022438516799
0 0.25703125 0.8202453640685972 0.08203125 0.22860224385167988
0 0.36640625 0.8076004392041704 0.0890625 0.2598931504675381
0 0.8859375 0.7840604835981433 0.18515625 0.12607720755093474
0 0.88671875 0.923127528777683 0.16796875 0.11660221360105893