0 0.1601695177571612 0.7950857619038567 0.06194150379302186 0.13701418667008766
0 0.1792538418536248 0.9424193041565303 0.054750886064955616 0.1151613916869394
0 0.739554902444991 0.5556031646108901 0.09239453621473678 0.0700357649289188
0 0.790973623357256 0.6402372398446591 0.1091834234876405 0.07481871369925486
0 0.8511770260921111 0.8420542698988884 0.056472753793021725 0.136982370413309
0 0.868220618066422 0.9623879331540461 0.051817333639361605 0.07522413369190772
0 0.9789488286505144 0.7867451220636289 0.042102342698971285 0.058371557083396655
0 0.9774621798234417 0.7156604624227085 0.0450756403531166 0.05601417154477702
0 0.9892490511451804 0.5391888660135047 0.021501897709639194 0.12993748487468954
0 0.9812017512925368 0.31108204673166395 0.03759649741492623 0.1158886204133089
0 0.8902089935012182 0.44012867641655085 0.06136754788366616 0.12998293667008762
0 0.83509105880369 0.42497130902830416 0.0582585233378591 0.12059430113146807
0 0.7797498545613245 0.4262111012809776 0.05685552000387926 0.1034068011314682
0 0.7246637418342281 0.4305758935336512 0.0595977537930219 0.1370005511314682
0 0.6684137418342282 0.43024864060678497 0.05570747924721466 0.127607370413309
0 0.061398338350467055 0.455609650565734 0.060044163944742726 0.14246930113146808
0 0.11694683668347712 0.44734315349260034 0.05589879788366643 0.12995112041330895
0 0.16482635622831449 0.43122324980360827 0.05864116061076281 0.1252818011314682
0 0.2210763562283145 0.4315505027304745 0.056281435156570046 0.13463862041330898
0 0.27876131047068 0.4303243460164204 0.05025470470140743 0.11820509933607007
0 0.33163121895541087 0.4275084182251273 0.06175018515657005 0.13467043667008763
0 0.38826385622831444 0.43252317115199357 0.05393768515657005 0.13462498487468952
0 0.4542396715307865 0.41807030659241723 0.0582585233378591 0.12059430113146807
0 0.5102186045613246 0.4246430143397436 0.058449841974310954 0.12293805113146808
0 0.5644437189554109 0.4288628817279904 0.05006338606495575 0.11586134933607006
0 0.6173614248647663 0.4361986587571575 0.05940643515657005 0.13465680113146808
0 0.8757643719801301 0.2823070860574713 0.05412900379302173 0.13696873487468952
0 0.8216030304648608 0.2788684686692245 0.05711048258119442 0.1447948704133089
0 0.7658154160707745 0.27463951092189803 0.056919163944742834 0.14245112041330898
0 0.7143644863742165 0.28527248389273085 0.055898797883666515 0.1299511204133089
0 0.6466827787978711 0.26926114363184706 0.05298109197431096 0.12290623487468952
0 0.60232687198013 0.28071627321853815 0.05298109197431096 0.12290623487468952
0 0.5429518719801301 0.28037083957351266 0.056090116520118194 0.13229487041330898
0 0.4841030304648609 0.27690495110802704 0.04689058864033111 0.1056914637974506
0 0.4300692347072264 0.27502883371978026 0.06238791394474279 0.14248293667008757
0 0.3699129847072264 0.27467885489521493 0.056919163944742654 0.1424511204133089
0 0.3144442347072264 0.2743561471478885 0.056919163944742654 0.14245112041330898
0 0.2592783736471199 0.2873101442210223 0.05393768515657005 0.13462498487468952
0 0.9355547337891424 0.03902069437053178 0.048453217578284934 0.06743748487468948
0 0.9796875 0.04163715514292031 0.040625 0.07211134933607007
0 0.8834182778797871 0.0316894625209044 0.04496155575957417 0.05336134933607006
0 0.20393716940475448 0.2885499364736958 0.058832479247214645 0.1276255511314682
0 0.1543357821318509 0.2835760901626879 0.056472753793021815 0.1369823704133089
0 0.09502455501066816 0.2840119065176624 0.051195451367427536 0.10103123487468953
0 0.04540719228357177 0.2884085150271146 0.05202449879205201 0.11118748487468952
0 0.012308552425594314 0.0359920421544777 0.024617104851188627 0.0719840843089554