0 0.0953125 0.79453125 0.05078125 0.13671875
0 0.10234375 0.9421875 0.0453125 0.115625
0 0.69453125 0.5515625 0.08671875 0.06953125
0 0.7390625 0.6359375 0.103125 0.07421875
0 0.7828125 0.8375 0.0453125 0.13671875
0 0.78984375 0.96015625 0.0453125 0.0796875
0 0.94453125 0.78125 0.09609375 0.0578125
0 0.94609375 0.71015625 0.09375 0.05546875
0 0.96171875 0.53359375 0.04296875 0.1296875
0 0.96484375 0.30546875 0.0453125 0.115625
0 0.8546875 0.43515625 0.05078125 0.1296875
0 0.80078125 0.4203125 0.0484375 0.1203125
0 0.7453125 0.421875 0.0484375 0.103125
0 0.68984375 0.4265625 0.0484375 0.13671875
0 0.63359375 0.4265625 0.0453125 0.12734375
0 0.02421875 0.45546875 0.0484375 0.1421875
0 0.08046875 0.446875 0.0453125 0.1296875
0 0.1296875 0.43046875 0.0484375 0.125
0 0.1859375 0.43046875 0.0453125 0.134375
0 0.24375 0.42890625 0.040625 0.11796875
0 0.296875 0.42578125 0.05078125 0.134375
0 0.353125 0.43046875 0.04296875 0.134375
0 0.4203125 0.415625 0.0484375 0.1203125
0 0.47578125 0.421875 0.0484375 0.12265625
0 0.5296875 0.42578125 0.040625 0.115625
0 0.58203125 0.4328125 0.0484375 0.134375
0 0.853125 0.27734375 0.04296875 0.13671875
0 0.79921875 0.27421875 0.0453125 0.14453125
0 0.74375 0.2703125 0.0453125 0.1421875
0 0.69140625 0.28125 0.0453125 0.1296875
0 0.625 0.265625 0.04296875 0.12265625
0 0.5796875 0.27734375 0.04296875 0.12265625
0 0.5203125 0.27734375 0.0453125 0.13203125
0 0.46171875 0.27421875 0.03828125 0.10546875
0 0.4078125 0.27265625 0.05078125 0.1421875
0 0.34765625 0.27265625 0.0453125 0.1421875
0 0.2921875 0.27265625 0.0453125 0.1421875
0 0.2359375 0.2859375 0.04296875 0.134375
0 0.9328125 0.03359375 0.04296875 0.0671875
0 0.9796875 0.0359375 0.040625 0.071875
0 0.88125 0.0265625 0.040625 0.053125
0 0.18046875 0.2875 0.0484375 0.12734375
0 0.13125 0.2828125 0.0453125 0.13671875
0 0.071875 0.28359375 0.04296875 0.10078125
0 0.021875 0.28828125 0.04296875 0.1109375
0 0.009375 0.0359375 0.01875 0.071875