0 0.07477331888252355 0.853125520880847 0.05532092055068931 0.09871930113146803
0 0.06812484511352557 0.9589210029268663 0.05110331411407194 0.0821579941462673
0 0.8139997098480162 0.8550815107255063 0.05186813861970414 0.09401362041330899
0 0.8050785418952169 0.9688742824901162 0.05313570767745475 0.0622514350197676
0 0.910524056649378 0.5477053479613281 0.05799245248167466 0.10342043667008767
0 0.9183361926711919 0.43598659796132794 0.051048683792241076 0.08229487041330899
0 0.8567813336366846 0.433283778777683 0.055484811516181766 0.10106305113146807
0 0.7940631763275471 0.5478093662098964 0.060500093447167204 0.10577782220870695
0 0.7980236926711919 0.4352866403121974 0.052687593447167204 0.10573237041330899
0 0.738649056649378 0.54670540846257 0.05597648441265975 0.10809430113146803
0 0.6825083172930396 0.5448156555357038 0.057828561516181765 0.10107668667008766
0 0.6292194263275471 0.5468503333269968 0.052687593447167204 0.10573237041330899
0 0.6828903655676698 0.4275827037403056 0.05339778763096845 0.11588862041330894
0 0.739866985245839 0.4286957518467117 0.049852170550689225 0.09868748487468952
0 0.9555076827838349 0.2173638629884426 0.058866537630968455 0.11592043667008758
0 0.02217573975370923 0.21190964754067196 0.04435147950741846 0.1057323704133089
0 0.025546940180134082 0.42843407220870694 0.051093880360268164 0.10575055113146807
0 0.022348389433664677 0.5534477077473264 0.044696778867329354 0.10575055113146803
0 0.06879002471839274 0.5474976895969539 0.0468528566887189 0.08929884933607006
0 0.0856875836366846 0.42879768657189177 0.050016061516181896 0.10103123487468939
0 0.1392660517056994 0.43379880396013853 0.06284384344716712 0.10579145774732641
0 0.20705448524583897 0.42559593940056206 0.057992452481674485 0.10342043667008749
0 0.2656482352458389 0.4259368278660478 0.060663984412659744 0.108121572208707
0 0.3272030942803464 0.42863964704969265 0.047836202481674486 0.10336134933607007
0 0.38299962621133155 0.4242748547970191 0.06300773441265975 0.1081352077473264
0 0.4457892033148537 0.43167426433974365 0.05400979282674854 0.07996930113146808
0 0.4999139746021772 0.4288628817279904 0.058866537630968455 0.11592043667008749
0 0.5591250836366847 0.43155206537301594 0.055484811516181766 0.10106305113146807
0 0.6150308762113316 0.4256247731203423 0.050507734412659745 0.10806248487468953
0 0.20082127471839276 0.5482658249391814 0.058702646665475755 0.11357668667008766
0 0.26264928536205445 0.5470623941228264 0.055812593447167116 0.10575055113146821
0 0.3768756763275471 0.5453822403356385 0.051048683792241076 0.08229487041330899
0 0.4353601656838853 0.5472856288011242 0.060663984412659744 0.10812157220870695
0 0.500367806649378 0.5453191287029282 0.06000842055068922 0.09874657220870695
0 0.5622504476148705 0.5433344478865733 0.058320234412659745 0.10810793667008767