0 0.134375 0.85234375 0.0484375 0.0984375
0 0.13515625 0.95859375 0.0453125 0.0828125
0 0.8734375 0.85 0.0453125 0.09375
0 0.87265625 0.96640625 0.0484375 0.0671875
0 0.9484375 0.5421875 0.05078125 0.103125
0 0.9484375 0.43046875 0.0453125 0.08203125
0 0.88671875 0.428125 0.0484375 0.10078125
0 0.83203125 0.54296875 0.053125 0.10546875
0 0.828125 0.43046875 0.0453125 0.10546875
0 0.7765625 0.5421875 0.0484375 0.1078125
0 0.7203125 0.540625 0.05078125 0.10078125
0 0.6671875 0.54296875 0.0453125 0.10546875
0 0.7125 0.4234375 0.0453125 0.115625
0 0.76953125 0.42421875 0.04296875 0.0984375
0 0.9703125 0.21171875 0.05078125 0.115625
0 0.0328125 0.21171875 0.0453125 0.10546875
0 0.053125 0.428125 0.0484375 0.10546875
0 0.05546875 0.553125 0.0484375 0.10546875
0 0.10703125 0.546875 0.040625 0.0890625
0 0.115625 0.428125 0.04296875 0.10078125
0 0.16953125 0.4328125 0.05546875 0.10546875
0 0.23671875 0.42421875 0.05078125 0.103125
0 0.2953125 0.42421875 0.053125 0.1078125
0 0.35703125 0.4265625 0.040625 0.103125
0 0.4125 0.421875 0.05546875 0.1078125
0 0.47578125 0.42890625 0.0484375 0.0796875
0 0.5296875 0.42578125 0.05078125 0.115625
0 0.5890625 0.428125 0.0484375 0.10078125
0 0.64453125 0.421875 0.04296875 0.1078125
0 0.2390625 0.546875 0.05078125 0.11328125
0 0.30078125 0.5453125 0.0484375 0.10546875
0 0.41484375 0.54296875 0.0453125 0.08203125
0 0.4734375 0.54453125 0.053125 0.1078125
0 0.53828125 0.5421875 0.053125 0.0984375
0 0.6 0.53984375 0.05078125 0.1078125