0 0.856270918045816 0.3325412091220685 0.11414486334340879 0.07487780103327228
0 0.9689329080203628 0.14437306772971664 0.05734142735518084 0.1612602077473264
0 0.04122826806172443 0.45447842174116876 0.05005563868554458 0.1393443011314682
0 0.10539985606299711 0.4634807170189045 0.05246302335295363 0.14482668667008766
0 0.04241060208463247 0.6232329669207086 0.04679427868395375 0.127607370413309
0 0.18153673675204152 0.6278926749626226 0.05734142735518084 0.1612602077473264
0 0.2502685554184961 0.6259301991631194 0.05486131735358999 0.14952782220870695
0 0.3728520800843143 0.6189666059753695 0.054379512014635714 0.10812157220870695
0 0.43852253341817793 0.6224910608940255 0.05720506735358999 0.1495414577473264
0 0.5095890114178598 0.6197336995559029 0.05949427335295354 0.14486759328594587
0 0.5744145800843142 0.6177939496540988 0.0548885893539083 0.15187157220870695
0 0.6462895800843143 0.6173757931364363 0.05477950135263541 0.14249657220870696
0 0.7033208300843142 0.6170439950300304 0.05712325135263541 0.14251020774732642
0 0.7658208300843142 0.6166803806668456 0.052599383354544574 0.15654543667008766
0 0.8260407147517235 0.6217991518422803 0.057232339353908035 0.15188520774732642
0 0.9494054894175417 0.6148310134749905 0.059548817353589814 0.14955509328594588
0 0.9452436060629971 0.45859464901360986 0.049837462682999246 0.12059430113146807
0 0.8842606527291335 0.45504292301771504 0.05717779535327168 0.1471977077473264
0 0.8178725840626789 0.45699176327859875 0.05486131735358981 0.149527822208707
0 0.7529106553946334 0.44721276318040293 0.054806773352953544 0.14484032220870696
0 0.6904470180617245 0.45070137754358763 0.055024949355498974 0.16359032220870695
0 0.620897586728179 0.4495433985226306 0.05020108935390812 0.1518443011314682
0 0.5584430400620426 0.4538132628858153 0.05497040535486271 0.15890282220870694
0 0.4942896333943153 0.4463734676080796 0.05736869935549897 0.16360395774732642
0 0.43581406206236073 0.45687060607356533 0.049837462682999246 0.12059430113146807
0 0.36930781472786084 0.44866319633444907 0.061974383354544485 0.15659997882456533
0 0.30450951806172444 0.4529466962362532 0.05246302335295372 0.1448266866700875
0 0.24430781472786084 0.44939042506081855 0.06666188335454448 0.15662724990180413
0 0.1747311113939972 0.44588869603986153 0.05257211135422635 0.15420168667008763