0 0.8086498025932072 0.30872414031219736 0.15348355027685515 0.10397949375348414
0 0.7959321522240668 0.4462014144144984 0.20473516964747168 0.12380163524403183
0 0.4534406708840894 0.26601744808296496 0.10932014497046935 0.243514171544777
0 0.9301392805370984 0.059337739550071586 0.1389401889258032 0.10858063534222769
0 0.7931902791528225 0.5743582306712771 0.20398419802510173 0.11208288524403187
0 0.7874235356312275 0.7009343662098965 0.18942105027685513 0.10418857201231528
0 0.7842008012089311 0.8243991372871353 0.19395835595238112 0.10187209308955403
0 0.24539102021040732 0.9392771652000654 0.18957124460132918 0.10653232201231547
0 0.26557071715577496 0.8073140928931624 0.20398419802510181 0.11208288524403187
0 0.28325646977666863 0.6776811350476402 0.21847749460132918 0.10670049365528822
0 0.2881721121262444 0.5643862495090207 0.19425874460132916 0.10655959308955402
0 0.2891512260981901 0.43934534289316235 0.20363374460132916 0.10661413524403188