0 0.828125 0.30390625 0.146875 0.103125
0 0.82421875 0.44140625 0.196875 0.12265625
0 0.4703125 0.26328125 0.09375 0.24296875
0 0.93359375 0.05390625 0.13203125 0.1078125
0 0.8296875 0.56953125 0.196875 0.1109375
0 0.83203125 0.69609375 0.1828125 0.103125
0 0.83671875 0.81953125 0.1875 0.10078125
0 0.30546875 0.9375 0.1828125 0.10546875
0 0.3171875 0.80546875 0.196875 0.1109375
0 0.3265625 0.67578125 0.21171875 0.10546875
0 0.32421875 0.5625 0.1875 0.10546875
0 0.3171875 0.4375 0.196875 0.10546875