0 0.4984375 0.88203125 0.1703125 0.09609375
0 0.7203125 0.86640625 0.17578125 0.103125
0 0.9203125 0.90390625 0.15859375 0.1203125
0 0.046875 0.9125 0.09375 0.0984375
0 0.0765625 0.534375 0.153125 0.103125
0 0.33515625 0.53359375 0.18515625 0.10546875
0 0.55625 0.53359375 0.18515625 0.1109375
0 0.8125 0.54453125 0.15859375 0.11328125
0 0.97578125 0.55390625 0.0484375 0.1078125
0 0.88203125 0.1109375 0.178125 0.10546875
0 0.6765625 0.0875 0.18515625 0.11796875
0 0.44921875 0.07109375 0.178125 0.11328125
0 0.240625 0.05390625 0.1921875 0.1078125
0 0.0421875 0.0484375 0.084375 0.09609375
0 0.2671875 0.89296875 0.1734375 0.1078125