0 0.452212200929255 0.8849310745463981 0.17534856004047975 0.09708459913967857
0 0.6749060724805526 0.8705969055357038 0.18118580223856356 0.1041476653964569
0 0.8729407807574386 0.9092604714978949 0.16489906094499096 0.1212351714465811
0 0.024253673395406048 0.9127727107723885 0.048507346790812096 0.09898292154477702
0 0.06391093453245333 0.5348204275949012 0.12782186906490667 0.10401585518980241
0 0.30719178652318974 0.535543632022578 0.19068363297125818 0.10654595755093474
0 0.5282855365231898 0.5368299178323439 0.1909702380142125 0.11201470755093475
0 0.7839623264372815 0.5492582367214013 0.16453056874690689 0.11420392144658109
0 0.9467522535065029 0.5595831792452213 0.054087713703953 0.1080943011314682
0 0.8762172619857876 0.11606900770044422 0.18365238297125827 0.10650505093507645
0 0.6719768193127338 0.09143612548147448 0.19133873021229633 0.1190459575509347
0 0.4454928844415963 0.0737072282353901 0.18406181874690705 0.11431755093507642
0 0.23779989314802355 0.05530616529826112 0.19783771370395292 0.10893061416679298
0 0.04217726410560878 0.04868293969514968 0.08435452821121756 0.09658462939029935
0 0.22038899084334682 0.8945232014026147 0.17908771370395285 0.10882152985783762