0 0.08961450811581285 0.8521977519891824 0.12355786803786188 0.28030621268299927
0 0.22992133477876756 0.8232176819700923 0.12587434603754372 0.2779897346833174
0 0.3887241701145402 0.8393410266152296 0.11658116203849822 0.28491189668204486
0 0.5347997387809947 0.8360785719287305 0.12592889003818009 0.2826772346833174
0 0.6793491701145402 0.835959298575777 0.1257288953691802 0.2654897346833174
0 0.8308843981142221 0.8318519592218688 0.13048003003658915 0.2710130286839537
0 0.9526623873826228 0.828026430537915 0.09467522523475438 0.22698121801399934
0 0.9020459473663166 0.2325053925445965 0.1330965000397711 0.294477800684272
0 0.7643732246976349 0.21926159989659566 0.11887036803786195 0.2802516686823629
0 0.6097129966979531 0.2234053019175947 0.13053457403722551 0.2757005286839537
0 0.4627561806969986 0.2180830972708665 0.12579253003658925 0.2709584846833174
0 0.30562493336249863 0.2113165712921837 0.11867037336886206 0.2630641686823629
0 0.15665163136536214 0.2341466386457737 0.12807264536918014 0.2655170066836356