0 0.0796875 0.853125 0.1203125 0.27890625
0 0.2203125 0.82578125 0.12265625 0.2765625
0 0.37890625 0.84375 0.11328125 0.28359375
0 0.525 0.8421875 0.12265625 0.28125
0 0.66953125 0.84375 0.12265625 0.2640625
0 0.82109375 0.84140625 0.12734375 0.26953125
0 0.9484375 0.8390625 0.103125 0.22578125
0 0.89921875 0.24296875 0.1296875 0.29296875
0 0.76171875 0.228125 0.115625 0.27890625
0 0.60703125 0.23046875 0.12734375 0.27421875
0 0.46015625 0.2234375 0.12265625 0.26953125
0 0.303125 0.21484375 0.115625 0.26171875
0 0.15390625 0.2359375 0.125 0.2640625