0 0.6140625 0.896875 0.12265625 0.0671875
0 0.6140625 0.8109375 0.1421875 0.0796875
0 0.71875 0.61875 0.0671875 0.1515625
0 0.82109375 0.696875 0.06484375 0.178125
0 0.92421875 0.4515625 0.06015625 0.134375
0 0.91953125 0.27734375 0.06953125 0.1515625
0 0.928125 0.06484375 0.0765625 0.1296875
0 0.50859375 0.53828125 0.06484375 0.15390625
0 0.43359375 0.53515625 0.06015625 0.15625
0 0.36171875 0.54921875 0.06484375 0.146875
0 0.27265625 0.55625 0.06015625 0.12265625
0 0.19375 0.540625 0.06015625 0.14453125
0 0.11640625 0.53359375 0.06953125 0.14921875
0 0.0359375 0.5359375 0.0625 0.15859375
0 0.015625 0.17421875 0.03125 0.1703125
0 0.078125 0.1765625 0.06484375 0.165625
0 0.14921875 0.18046875 0.0625 0.15859375
0 0.225 0.18125 0.06953125 0.15625
0 0.29921875 0.17421875 0.06015625 0.1703125