0 0.6506073558155807 0.8897297359166402 0.1253939308363588 0.06861473468331739
0 0.6471056710248891 0.8037922359166402 0.145434516805914 0.0813420013526354
0 0.7439621304929791 0.6103865865690954 0.07336319863085591 0.15234429734245403
0 0.8494892303026986 0.6873207092218687 0.07210178756616088 0.1788795253421359
0 0.9426185119001792 0.44080824120786943 0.06563161167271758 0.13507498134149962
0 0.9308321418245045 0.26664403520850577 0.07570694863085592 0.15237156934277232
0 0.9307671803420672 0.0596666152729346 0.08184686068413427 0.1193332305458692
0 0.5305270301889679 0.5323632259309578 0.07111494912514757 0.1546607753421359
0 0.45539969619657905 0.5301109299411391 0.06652294961943923 0.15694998134149962
0 0.3840976991623286 0.5450097712842294 0.07082844764227278 0.1476295253421359
0 0.2953217006452034 0.5530773572963199 0.06515410920125966 0.12335623134149962
0 0.21577878068325945 0.5383705146403648 0.06604544714798122 0.14523123134149962
0 0.1381485292003847 0.5322392406508644 0.0756114481365644 0.15002781934277234
0 0.05777527969467629 0.5355193293284548 0.06896220011373073 0.15932100334181776
0 0.02272387007567465 0.17403693666454556 0.03818970258518867 0.17067612667090887
0 0.08531937056996623 0.17565343332272776 0.0715924515966055 0.166379525342136
0 0.15657228806045223 0.17873243264641003 0.0689622001137307 0.1593210033418178
0 0.2323853715585494 0.17863188796945595 0.07589794961943915 0.15705906934277233
0 0.30631762007567465 0.17073702462604734 0.06709595258518863 0.17101248134149963