0 0.05209397822588065 0.5009079350651918 0.05560044530200421 0.1665113900158861
0 0.10992921027919197 0.5006800641240293 0.06504364146193824 0.1690187812495882
0 0.17240647822588065 0.49880787256601566 0.05560044530200416 0.1665113900158861
0 0.23205426286561673 0.5071464780859027 0.06001516066226813 0.15721821063273717
0 0.297429210279192 0.4974072394499885 0.04992710682220221 0.15938468262955982
0 0.369304210279192 0.49615265665827285 0.05553224914207018 0.1641676400158861
0 0.43394337179938997 0.48798955479183376 0.06021974914207018 0.16424946063273715
0 0.5037928705457487 0.4977133823085437 0.06028794530200408 0.16659321063273716
0 0.566383798758994 0.4997474407505299 0.05525946450233406 0.1547926400158861
0 0.6288156025990601 0.4963127491925164 0.05455477084968265 0.1305738900158861
0 0.6976792628656167 0.4990189634787015 0.06249530298213628 0.1619466209411627
0 0.7650486192921074 0.5040962013038368 0.062427106822202205 0.1596028709411625
0 0.825045744918928 0.4975774200542487 0.05817151583511766 0.17436480032431162
0 0.8899349590255508 0.4980080681878096 0.05794419530200408 0.16655230032431162
0 0.9525713513454189 0.5016046266297961 0.05823971199505138 0.17670855032431163
0 0.05703021615168673 0.29446702029253946 0.09848061559769077 0.08370857264544593
0 0.9711345170887589 0.14563131615921474 0.05669393236988043 0.12358355032431154
0 0.04737068896729103 0.687803963068369 0.05982494404836297 0.17751707386326193
0 0.10966610048748897 0.6796817715103554 0.05532766066226813 0.1571363900158861
0 0.17409231334047043 0.6910635564133916 0.06263169530200416 0.16663412094116267
0 0.23477976075404566 0.6814061383943283 0.06490724914207018 0.1643312812495882
0 0.310515546647423 0.6785208717552368 0.05767141066226813 0.15717730032431163
0 0.448660404327555 0.6714196635581317 0.06028794530200408 0.16659321063273716
0 0.509021242807357 0.6774008823085437 0.06470266066226812 0.1573000312495882
0 0.5739104569139797 0.6778315304421045 0.05512307218246608 0.1501051400158861
0 0.6386860107540457 0.6743559285756653 0.06008335682220221 0.15956196063273714
0 0.7092485633404705 0.6817223693229001 0.06966294530200408 0.16675685186643907
0 0.7741150453937818 0.6813717674564609 0.05525946450233406 0.1547926400158861
0 0.8328224556603384 0.6842552597458231 0.05710310932948452 0.13764605032431163
0 0.8940100082467634 0.6917853417267599 0.055532249142070354 0.1641676400158861
0 0.9597032044066973 0.6929836030908456 0.06008335682220221 0.15956196063273714