0 0.07109375 0.884375 0.0984375 0.0671875
0 0.18125 0.8734375 0.0984375 0.06953125
0 0.3375 0.84609375 0.11796875 0.0671875
0 0.59765625 0.8109375 0.103125 0.06484375
0 0.03125 0.6140625 0.0625 0.06953125
0 0.16484375 0.60234375 0.1078125 0.0796875
0 0.29296875 0.59765625 0.10078125 0.06953125
0 0.43046875 0.5984375 0.1109375 0.071875
0 0.56640625 0.59765625 0.103125 0.06953125
0 0.6890625 0.58984375 0.084375 0.06484375
0 0.82578125 0.59375 0.1078125 0.0625
0 0.94609375 0.5765625 0.103125 0.0765625
0 0.0203125 0.5296875 0.040625 0.06484375
0 0.0796875 0.4625 0.10546875 0.084375
0 0.146875 0.38359375 0.10546875 0.0984375
0 0.10078125 0.32421875 0.0671875 0.071875
0 0.0328125 0.33984375 0.06484375 0.06953125
0 0.353125 0.31640625 0.10546875 0.06015625
0 0.478125 0.3078125 0.1109375 0.0671875
0 0.603125 0.31953125 0.09609375 0.071875
0 0.7046875 0.321875 0.08671875 0.0671875
0 0.8484375 0.31875 0.10546875 0.06484375
0 0.959375 0.3140625 0.0765625 0.06953125
0 0.96484375 0.196875 0.0453125 0.115625
0 0.91328125 0.21484375 0.053125 0.1515625
0 0.8265625 0.20703125 0.0484375 0.14453125
0 0.7703125 0.21015625 0.040625 0.13203125
0 0.5359375 0.2171875 0.10078125 0.06953125
0 0.5484375 0.14921875 0.10078125 0.071875
0 0.38203125 0.134375 0.115625 0.115625
0 0.2765625 0.0359375 0.071875 0.071875
0 0.06640625 0.20078125 0.103125 0.06484375
0 0.0578125 0.12109375 0.115625 0.06484375
0 0.05625 0.05234375 0.1125 0.0578125
0 0.0625 0.00703125 0.125 0.0140625