0 0.030410039763092638 0.8847886113381225 0.060820079526185275 0.06776019262201557
0 0.12017330019309011 0.8744919816532356 0.1032995986429472 0.07010394262201594
0 0.27833536145717047 0.8480572675611974 0.12266695767745457 0.06787382211051138
0 0.5409499759395595 0.8144145623479538 0.10765931671196186 0.06544371369925486
0 0.010995808181205869 0.6142443071815924 0.021991616362411738 0.06989486436318479
0 0.12272377186840115 0.6033027828828997 0.11338479282674849 0.08031473477649378
0 0.25117655379938636 0.5993606923274284 0.1056433486429472 0.07011757816063521
0 0.38862192347755553 0.6009418939264346 0.11596348960843983 0.07252041549465282
0 0.5246140537993863 0.6009515051663614 0.10798709864294728 0.07013121369925486
0 0.6478166070176951 0.5938525983541114 0.08890931671196203 0.06533462939029952
0 0.7842622054085406 0.598554254773578 0.1121829257464693 0.0631272347764936
0 0.9057765724888199 0.5820667124227086 0.10847877153942491 0.07716246369925486
0 0.0029264000773264144 0.5298056746680351 0.005852800154652829 0.06508009933607006
0 0.051515380927496635 0.4629636083130605 0.10303076185499327 0.08498859923787414
0 0.12005151198104405 0.3844482437534841 0.11235217055068931 0.09905109923787414
0 0.07810966644018999 0.32480507816063536 0.0722134896084398 0.07226588544042353
0 0.02195061716252312 0.34003464754067203 0.04390123432504624 0.06990849990180407
0 0.33099971965849867 0.3184606711519936 0.10967528478097677 0.06076984923787414
0 0.4566006531986382 0.310594149878363 0.11563570767745457 0.06783291549465283
0 0.5807811983711753 0.3230401286047324 0.10111973960843983 0.07243405708339648
0 0.6821798074056826 0.32597475194490755 0.09141695767745457 0.06769201492891881
0 0.826148328693006 0.3236860649802324 0.11000306671196221 0.06545734923787414
0 0.9374136106239913 0.3196439804748853 0.0814245986429473 0.0699766775949012
0 0.9510769088986214 0.20248829673166396 0.05339778763096845 0.1158886204133089
0 0.8982579114965115 0.22015706488203657 0.06372328243518836 0.15187157220870698
0 0.8120854647148201 0.21184004995311775 0.058544109538710386 0.1448130511314682
0 0.7556169434274966 0.21463779702625155 0.049857524389416596 0.13226759933607007
0 0.5207502705310189 0.22030549316430886 0.10564334864294729 0.0701175781606354
0 0.5380031085303043 0.1524094660369458 0.10580723960843982 0.0724613281606353
0 0.3726348346450908 0.13659759279496653 0.12371028763096845 0.11629768657189174
0 0.2740495051957801 0.037546493557092345 0.07690098960843983 0.07229315651766241
0 0.05309795782272403 0.20116759026088374 0.10619591564544806 0.06544371369925477
0 0.05471222923609827 0.12143009328594585 0.10942445847219653 0.0655164365718917
0 0.05543054517253698 0.05267100292686624 0.11086109034507396 0.058467005853732476
0 0.0625 0.007394864363184708 0.125 0.014789728726369416