0 0.03359375 0.775 0.053125 0.146875
0 0.0921875 0.75859375 0.0453125 0.1421875
0 0.15234375 0.7171875 0.05078125 0.13203125
0 0.2140625 0.725 0.04296875 0.13671875
0 0.15390625 0.86640625 0.0484375 0.146875
0 0.2125 0.8796875 0.0453125 0.1203125
0 0.271875 0.8640625 0.0484375 0.1421875
0 0.275 0.71875 0.05078125 0.1203125
0 0.3953125 0.69921875 0.05078125 0.134375
0 0.45546875 0.70703125 0.0453125 0.134375
0 0.4390625 0.89921875 0.0453125 0.10546875
0 0.50625 0.9015625 0.05078125 0.1390625
0 0.56484375 0.9 0.04296875 0.1421875
0 0.625 0.9078125 0.0484375 0.146875
0 0.68515625 0.90859375 0.0484375 0.15859375
0 0.74375 0.9046875 0.05078125 0.13203125
0 0.80078125 0.90390625 0.04296875 0.134375
0 0.859375 0.89296875 0.05078125 0.13671875
0 0.5109375 0.70078125 0.05078125 0.13671875
0 0.5671875 0.703125 0.04296875 0.12265625
0 0.62109375 0.70078125 0.0453125 0.12265625
0 0.68046875 0.696875 0.053125 0.1390625
0 0.7390625 0.69453125 0.05078125 0.14453125
0 0.7953125 0.69453125 0.0484375 0.14453125
0 0.85 0.696875 0.05078125 0.134375
0 0.9046875 0.69453125 0.0453125 0.1296875
0 0.96484375 0.88671875 0.0453125 0.125
0 0.959375 0.696875 0.0484375 0.1296875
0 0.97578125 0.4390625 0.0484375 0.1421875
0 0.91953125 0.43984375 0.0453125 0.134375
0 0.86640625 0.4421875 0.0453125 0.1390625
0 0.80390625 0.4421875 0.05078125 0.1390625
0 0.74296875 0.43125 0.0484375 0.13203125
0 0.6921875 0.42890625 0.03828125 0.11796875
0 0.63828125 0.4375 0.0453125 0.1296875
0 0.5765625 0.43984375 0.0484375 0.1296875
0 0.40234375 0.4421875 0.0453125 0.134375
0 0.4640625 0.4421875 0.0484375 0.14453125
0 0.521875 0.446875 0.04296875 0.115625