0 0.060657346356104494 0.7748045572797884 0.05825398801910044 0.14718407220870694
0 0.1186781774816305 0.7580574188143026 0.050277796912107896 0.14245112041330898
0 0.17738848936986282 0.7163011899897374 0.05539188284695733 0.13232668667008768
0 0.23938005788151712 0.7237546208060923 0.0477430739539499 0.13696873487468936
0 0.18416182294245959 0.8655108496306576 0.053566488019100425 0.14715680113146803
0 0.24321936441227185 0.878451211165172 0.04951390507947586 0.12057612041330898
0 0.30204872738896327 0.8624807775201464 0.05340279691210785 0.1424693011314681
0 0.3000993030721937 0.7171500968019873 0.05498265507947586 0.12060793667008766
0 0.41972975679305796 0.6969188891528567 0.055473728400453656 0.13467043667008766
0 0.48015882530471227 0.7043814103282914 0.05000497840045366 0.13463862041330898
0 0.4704639106914076 0.8966643590986274 0.04899554990733286 0.10573237041330899
0 0.5377332562449038 0.898617223658204 0.05563741950744614 0.13935793667008767
0 0.596272442542573 0.8967138351927183 0.04793404691210803 0.14243748487468935
0 0.6567015110542271 0.9041763563681527 0.053566488019100335 0.14715680113146803
0 0.7168850429053927 0.9046076275435876 0.0539757157865818 0.15887555113146803
0 0.7753423836495654 0.900360489078102 0.05539188284695733 0.13232668667008768
0 0.8323463517984001 0.8992474409716958 0.04766122840045348 0.13462498487468935
0 0.8905581558820842 0.8879690525062103 0.055555573953949985 0.13701418667008766
0 0.5354093204953889 0.697808702580965 0.055555573953949985 0.13701418667008766
0 0.5917411660488852 0.6998251996540988 0.04725200063297219 0.12290623487468935
0 0.6455655704953889 0.6971678322658519 0.04959575063297219 0.12291987041330898
0 0.7048041612395617 0.6929161486208265 0.05798116950744614 0.13937157220870694
0 0.7633160656860654 0.6902315101553409 0.055828392465604185 0.14482668667008766
0 0.8195660656860655 0.6899042572284746 0.05348464246560418 0.14481305113146803
0 0.8743354112395618 0.6919298446606879 0.05547372840045384 0.13467043667008766
0 0.9289410656860653 0.6892679320929014 0.04984128729346082 0.12995112041330897
0 0.9854849264897633 0.8811054532683361 0.029030147020473508 0.125263620413309
0 0.9786136337964155 0.6912935195251148 0.042772732407168945 0.12996930113146804
0 0.9822061259494582 0.43338557075477874 0.0355877481010836 0.14246930113146822
0 0.934890932206136 0.4344940736816449 0.050004978400453835 0.13463862041330893
0 0.8818477777596321 0.43714689589035205 0.05016866950744614 0.13932612041330894
0 0.8193477777596323 0.43751051025353666 0.05563741950744614 0.1393579366700876
0 0.7580283318433162 0.42692753425764174 0.05304813284695733 0.1323130511314682
0 0.7071652362898199 0.4248792209277294 0.04240080952597971 0.11819146379745074
0 0.6535590866526396 0.4337865883159761 0.049841287293461004 0.12995112041330895
0 0.591922182206136 0.43648940749962106 0.05296628729346118 0.1299693011314682
0 0.4177852777596322 0.43984673253699846 0.05000497840045366 0.13463862041330898
0 0.4795040277596322 0.4394876633533535 0.05348464246560418 0.14481305113146808
0 0.5374802188666248 0.4438388200674076 0.047006463972483384 0.11587498487468939