0 0.003497511298401119 0.775 0.006995022596802238 0.146875
0 0.03470470288585186 0.75859375 0.056086824484835186 0.1421875
0 0.09799853089517199 0.7171875 0.06078597987877552 0.13203125
0 0.15912528504435688 0.725 0.05332867738926459 0.13671875
0 0.08825391014460321 0.86640625 0.059567021995324265 0.146875
0 0.1458412671982175 0.8796875 0.05442923610255286 0.1203125
0 0.20640025889984775 0.8640625 0.059211824484835154 0.1421875
0 0.220536381725009 0.71875 0.059897986102552835 0.1203125
0 0.3423288713520468 0.69921875 0.06096357863402009 0.134375
0 0.40189312550123163 0.70703125 0.05549482863402009 0.134375
0 0.37092377757117967 0.89921875 0.05330444398600411 0.10546875
0 0.43793367881593515 0.9015625 0.061318776144509 0.1390625
0 0.4966458279860982 0.9 0.05374307448483506 0.1421875
0 0.556210082135283 0.9078125 0.059567021995324154 0.146875
0 0.6163071325502015 0.90859375 0.06045501577154688 0.15859375
0 0.6751968804756091 0.9046875 0.06078597987877536 0.13203125
0 0.7322873300606906 0.90390625 0.05315107863401991 0.134375
0 0.7917098742518318 0.89296875 0.06114117738926446 0.13671875
0 0.45783547218188375 0.70078125 0.06114117738926463 0.13671875
0 0.5139078734266392 0.703125 0.05226308485779736 0.12265625
0 0.5679917221818838 0.70078125 0.05460683485779736 0.12265625
0 0.6276627201072913 0.696875 0.063662526144509 0.1390625
0 0.6864340688625358 0.69453125 0.06173317324007961 0.14453125
0 0.7426840688625358 0.69453125 0.059389423240079606 0.14453125
0 0.7971939701072913 0.696875 0.06096357863402009 0.134375
0 0.8520590688625358 0.69453125 0.05513963112353082 0.1296875
0 0.8976522209324838 0.88671875 0.05478443361304173 0.125
0 0.9065689701072912 0.696875 0.05826463112353082 0.1296875
0 0.9425110831841902 0.4390625 0.059211824484835064 0.1421875
0 0.8862018835991087 0.43984375 0.05549482863401991 0.134375
0 0.8328992848438641 0.4421875 0.055850026144509 0.1390625
0 0.7703992848438642 0.4421875 0.06131877614450918 0.1390625
0 0.7102905790350054 0.43125 0.058442229878775544 0.13203125
0 0.65968692779025 0.42890625 0.04722038734730827 0.11796875
0 0.6051294823543533 0.4375 0.05513963112353082 0.1296875
0 0.5432331335991087 0.43984375 0.058264631123530995 0.1296875
0 0.36883678484386423 0.4421875 0.05549482863402009 0.134375
0 0.43055553484386416 0.4421875 0.059389423240079606 0.14453125
0 0.48801283733337514 0.446875 0.051730288592063724 0.115625