0 0.09093502404661712 0.03177269564707802 0.08655754809323424 0.06299087939029935
0 0.1089707506329722 0.12326530405833439 0.11595487141421193 0.07722155103327229
0 0.11208088166583097 0.21232780405833437 0.10563493030721935 0.07247496369925477
0 0.11031253974053175 0.29589428298109555 0.1009474303072194 0.07244769262201593
0 0.14655262930357824 0.37187097570130734 0.09116320253973793 0.06067440046753827
0 0.14989837331312847 0.44531302088084707 0.11361112141421192 0.07720791549465282
0 0.280094337918584 0.6843033188890573 0.05563741950744614 0.13935793667008767
0 0.2860889106914075 0.9007004785299777 0.05849952467958932 0.15421532220870696
0 0.3362624923650877 0.6822868218159236 0.05329366950744614 0.13934430113146803
0 0.39870792866275684 0.6810879361791082 0.046924618418987055 0.11353123487468952
0 0.46336070570459886 0.6759964360809124 0.0539757157865818 0.1588755511314682
0 0.5283135831092606 0.6794986859827166 0.05724455952597971 0.11827782220870695
0 0.5932391786627569 0.6822196858845206 0.05841767912609299 0.15187157220870695
0 0.6528597153232457 0.6895963695295462 0.05539188284695733 0.13232668667008768
0 0.7130159653232457 0.6899463483541114 0.06043404691210785 0.1425102077473266
0 0.7787500927279074 0.6934531434354554 0.053566488019100335 0.14715680113146803
0 0.3490527021612198 0.9143453428931625 0.05389387023308556 0.15653180113146803
0 0.41155270216121986 0.9147089572563472 0.058745061340078134 0.16124657220870695
0 0.4728076606914075 0.901786776439992 0.05035964246560418 0.144794870413309
0 0.5278771066077235 0.9130424390077787 0.05623762023308565 0.15654543667008766
0 0.6057020062449038 0.9049032069617595 0.0539757157865818 0.15887555113146803
0 0.667366192542573 0.9036997761454044 0.05623762023308565 0.15654543667008766
0 0.7233433740309188 0.8962145290722706 0.05798116950744614 0.13937157220870694
0 0.7907764106914075 0.9036366645126943 0.05833583357259666 0.1495278222087073
0 0.8549207562449037 0.9063531192349586 0.06067958357259684 0.14954145774732625
0 0.9148587514355804 0.9004530980595238 0.05060517912609299 0.15182612041330898
0 0.9629886834720803 0.6906195558068503 0.060843274679589145 0.15422895774732642
0 0.9012972153232457 0.6910417366232053 0.05789932395394999 0.13702782220870696
0 0.8400868968115913 0.6828747126191003 0.06051589246560418 0.1448539577473264
0 0.777252046996926 0.4716145048717738 0.1100768936467306 0.0654709847764936
0 0.8635045163268869 0.39166390533931206 0.05563741950744614 0.13935793667008758
0 0.922234675582714 0.3959110438047977 0.05321182395394999 0.1370005511314681
0 0.9749876202330856 0.39392181780890284 0.0500247595338287 0.1519170240041051