0 0.08838825785788285 0.03177269564707802 0.08728598428423431 0.06299087939029935
0 0.0989746933421902 0.12326530405833439 0.11684720574818701 0.07722155103327229
0 0.09482654073715632 0.21232780405833437 0.10647263192686944 0.07247496369925477
0 0.08624559925699296 0.29589428298109555 0.10178513192686944 0.07244769262201593
0 0.11630978081235888 0.37187097570130734 0.09186432237357552 0.06067440046753827
0 0.11367062427838356 0.44531302088084707 0.11450345574818703 0.07720791549465282
0 0.22444749669474034 0.6843033188890573 0.057258190032421295 0.13935793667008767
0 0.21280571361057907 0.9007004785299777 0.06029329879992691 0.15421532220870696
0 0.2808066586053991 0.6822868218159236 0.0549144400324213 0.13934430113146803
0 0.34337943321250497 0.6810879361791082 0.04824490901517464 0.11353123487468952
0 0.4084778943373755 0.6759964360809124 0.0558241226212445 0.1588755511314682
0 0.4731760951231638 0.6794986859827166 0.05861948283649223 0.11827782220870695
0 0.537910683212505 0.6822196858845206 0.0601841368892682 0.15187157220870695
0 0.5969581974805286 0.6895963695295462 0.056930704300445 0.13232668667008768
0 0.6571144474805286 0.6899463483541114 0.062091239246633026 0.1425102077473266
0 0.7225938982663169 0.6934531434354554 0.05527831306795061 0.14715680113146803
0 0.27468712945017926 0.9143453428931625 0.0557149607105857 0.15653180113146803
0 0.33718712945017926 0.9147089572563472 0.060620784531903296 0.16124657220870695
0 0.3995244636105791 0.901786776439992 0.05204415115729173 0.144794870413309
0 0.4537025413608381 0.9130424390077787 0.05805871071058562 0.15654543667008766
0 0.5322278016999202 0.9049032069617595 0.0558241226212445 0.15887555113146803
0 0.5940193263070261 0.9036997761454044 0.05805871071058579 0.15654543667008766
0 0.6506331993425555 0.8962145290722706 0.059601940032421294 0.13937157220870694
0 0.717493213610579 0.9036366645126943 0.06007497497860932 0.1495278222087073
0 0.7814465516999203 0.9063531192349586 0.06241872497860932 0.14954145774732625
0 0.8418939001283438 0.9004530980595238 0.0523716368892682 0.15182612041330898
0 0.9071508347840815 0.6906195558068503 0.06263704879992708 0.15422895774732642
0 0.8453956974805287 0.6910417366232053 0.05949277812176277 0.13702782220870696
0 0.7848220705160578 0.6828747126191003 0.062200401157291904 0.1448539577473264
0 0.7391778924753487 0.4716145048717738 0.11083264619489305 0.0654709847764936
0 0.8319882847413004 0.39166390533931206 0.057258190032421295 0.13935793667008758
0 0.8904000982235356 0.3959110438047977 0.054805278121762765 0.1370005511314681
0 0.9514467601341945 0.39392181780890284 0.0679966368892682 0.1519170240041051