0 0.04296875 0.6859375 0.0484375 0.1515625
0 0.046875 0.853125 0.05078125 0.16328125
0 0.1046875 0.671875 0.0453125 0.165625
0 0.1078125 0.8484375 0.0484375 0.16328125
0 0.16328125 0.85703125 0.0484375 0.15625
0 0.16328125 0.6828125 0.0484375 0.16328125
0 0.21875 0.678125 0.053125 0.16796875
0 0.22578125 0.8546875 0.0484375 0.1703125
0 0.28359375 0.85234375 0.053125 0.1609375
0 0.2796875 0.6734375 0.05078125 0.15390625
0 0.3375 0.6609375 0.05078125 0.15859375
0 0.34140625 0.84609375 0.0484375 0.16796875
0 0.4015625 0.8421875 0.053125 0.165625
0 0.39765625 0.65390625 0.0453125 0.16328125
0 0.453125 0.6609375 0.05078125 0.15859375
0 0.46015625 0.8296875 0.0453125 0.16328125
0 0.51796875 0.83984375 0.05078125 0.1515625
0 0.51953125 0.65 0.053125 0.1703125
0 0.57578125 0.65 0.05546875 0.1703125
0 0.6359375 0.64296875 0.05078125 0.17578125
0 0.57578125 0.82421875 0.05078125 0.15859375
0 0.6359375 0.828125 0.05078125 0.146875
0 0.70078125 0.83203125 0.05546875 0.15390625
0 0.76171875 0.8453125 0.0484375 0.1609375
0 0.75234375 0.67578125 0.0484375 0.15859375
0 0.09375 0.14921875 0.053125 0.15390625
0 0.10078125 0.30625 0.0484375 0.15625
0 0.15859375 0.30859375 0.0484375 0.1515625
0 0.15 0.14921875 0.05078125 0.15390625
0 0.2140625 0.1390625 0.053125 0.15390625
0 0.21484375 0.3078125 0.0453125 0.15390625
0 0.27265625 0.31015625 0.05546875 0.15390625
0 0.3328125 0.31015625 0.05078125 0.16328125
0 0.2703125 0.1359375 0.05078125 0.15625
0 0.32578125 0.13125 0.05546875 0.1609375
0 0.38828125 0.13125 0.05546875 0.15625
0 0.3953125 0.3171875 0.05078125 0.15390625
0 0.4484375 0.290625 0.05078125 0.20703125
0 0.4484375 0.10234375 0.05078125 0.146875
0 0.509375 0.1296875 0.053125 0.15859375
0 0.51328125 0.29921875 0.0453125 0.1515625
0 0.56953125 0.30625 0.053125 0.1609375
0 0.62890625 0.3109375 0.05078125 0.15625
0 0.6828125 0.30390625 0.0484375 0.12265625
0 0.56640625 0.13203125 0.05546875 0.15859375
0 0.62265625 0.1390625 0.0484375 0.15390625
0 0.68046875 0.12109375 0.0578125 0.1703125
0 0.7171875 0.05390625 0.084375 0.1078125
0 0.79453125 0.11875 0.05078125 0.1609375
0 0.7390625 0.29296875 0.0453125 0.15390625
0 0.79296875 0.29453125 0.0484375 0.1609375
0 0.8171875 0.8375 0.0484375 0.1421875
0 0.8109375 0.6546875 0.05078125 0.15625
0 0.87890625 0.65625 0.05546875 0.15859375
0 0.93125 0.65234375 0.05078125 0.1609375
0 0.87109375 0.834375 0.05078125 0.15390625
0 0.93046875 0.8390625 0.0484375 0.16328125
0 0.9796875 0.83515625 0.040625 0.1703125
0 0.98046875 0.6546875 0.03828125 0.11328125
0 0.85546875 0.303125 0.0484375 0.14453125
0 0.9125 0.303125 0.05078125 0.15859375
0 0.9671875 0.2984375 0.05078125 0.15859375
0 0.8546875 0.13125 0.0453125 0.13671875
0 0.9078125 0.12109375 0.05078125 0.12734375
0 0.9671875 0.12265625 0.05078125 0.14453125
0 0.040625 0.3140625 0.0484375 0.1609375
0 0.03359375 0.14765625 0.053125 0.15625