0 0.33984375 0.9234375 0.11328125 0.0765625
0 0.20546875 0.93359375 0.103125 0.06953125
0 0.0640625 0.93359375 0.11328125 0.0796875
0 0.7703125 0.8953125 0.11328125 0.06953125
0 0.90234375 0.91015625 0.103125 0.06953125
0 0.990625 0.9015625 0.0140625 0.0625
0 0.8234375 0.96875 0.06015625 0.0625
0 0.2484375 0.7359375 0.0453125 0.134375
0 0.03125 0.74375 0.0484375 0.1515625
0 0.02890625 0.59140625 0.0484375 0.14921875
0 0.0796875 0.5875 0.03828125 0.13203125
0 0.08515625 0.75625 0.05078125 0.13203125
0 0.1921875 0.7453125 0.0484375 0.134375
0 0.13359375 0.5921875 0.040625 0.13203125
0 0.19140625 0.59140625 0.0453125 0.15390625
0 0.24375 0.58515625 0.0453125 0.13203125
0 0.30078125 0.5796875 0.0484375 0.1296875
0 0.3109375 0.73671875 0.05078125 0.1421875
0 0.365625 0.73203125 0.04296875 0.11796875
0 0.3578125 0.58046875 0.0484375 0.1421875
0 0.4125 0.58671875 0.0453125 0.14921875
0 0.4234375 0.73671875 0.0484375 0.1421875
0 0.47578125 0.7234375 0.0578125 0.15390625
0 0.4671875 0.5734375 0.05078125 0.13203125
0 0.525 0.5734375 0.040625 0.12734375
0 0.5328125 0.725 0.05078125 0.13203125
0 0.5875 0.72578125 0.0453125 0.115625
0 0.58671875 0.58984375 0.0484375 0.11796875
0 0.63828125 0.57578125 0.0453125 0.13671875
0 0.64296875 0.73046875 0.0453125 0.1390625
0 0.7015625 0.725 0.0484375 0.13671875
0 0.75625 0.7140625 0.0453125 0.1203125
0 0.8078125 0.72265625 0.0484375 0.11328125
0 0.74765625 0.5609375 0.04296875 0.084375
0 0.69609375 0.56953125 0.05078125 0.14453125
0 0.803125 0.57578125 0.0484375 0.1515625
0 0.86171875 0.5734375 0.05078125 0.13671875
0 0.86875 0.725 0.05078125 0.13203125
0 0.97265625 0.7234375 0.05078125 0.14921875
0 0.9703125 0.57421875 0.05078125 0.1390625
0 0.91484375 0.5671875 0.0453125 0.10546875
0 0.77734375 0.37265625 0.11328125 0.0671875
0 0.90625 0.36796875 0.10078125 0.0578125
0 0.90390625 0.115625 0.0484375 0.1296875
0 0.85546875 0.26328125 0.0484375 0.1421875
0 0.91484375 0.259375 0.0453125 0.1390625
0 0.9640625 0.25859375 0.04296875 0.146875
0 0.9578125 0.109375 0.05078125 0.13203125
0 0.79296875 0.115625 0.04296875 0.1203125
0 0.79921875 0.25390625 0.05078125 0.13203125
0 0.74375 0.25859375 0.05078125 0.13203125
0 0.740625 0.1203125 0.0484375 0.125
0 0.68984375 0.1234375 0.04296875 0.12265625
0 0.6890625 0.2671875 0.0453125 0.134375
0 0.63359375 0.27421875 0.0453125 0.1390625
0 0.634375 0.1234375 0.0484375 0.13203125
0 0.58046875 0.25703125 0.0453125 0.1296875
0 0.521875 0.26953125 0.0484375 0.134375
0 0.57578125 0.11875 0.0453125 0.12265625
0 0.02421875 0.2765625 0.0484375 0.1203125
0 0.02265625 0.1390625 0.0453125 0.14921875
0 0.08046875 0.140625 0.0453125 0.11796875
0 0.08046875 0.27265625 0.0453125 0.13203125
0 0.13671875 0.2828125 0.0484375 0.1421875
0 0.19609375 0.2875 0.0453125 0.1421875
0 0.2515625 0.28359375 0.05078125 0.1390625
0 0.30390625 0.275 0.0453125 0.13671875
0 0.35703125 0.27265625 0.05078125 0.146875
0 0.41328125 0.26953125 0.0484375 0.14921875
0 0.13671875 0.1359375 0.04296875 0.13671875
0 0.19140625 0.140625 0.0453125 0.13671875
0 0.2453125 0.1265625 0.04296875 0.13671875
0 0.30078125 0.11875 0.0484375 0.1421875
0 0.35546875 0.125 0.04296875 0.1296875
0 0.40859375 0.12109375 0.04296875 0.1078125
0 0.4625 0.12109375 0.05078125 0.13671875
0 0.5140625 0.11796875 0.0484375 0.14921875