0 0.1297129946246372 0.76328125 0.09458156203728052 0.165625
0 0.30155579628895557 0.9484375 0.15214376307225458 0.06953125
0 0.45659849379944467 0.953125 0.15953021058274364 0.07421875
0 0.45430044275982623 0.8609375 0.13044636182749905 0.071875
0 0.29570669275982625 0.8609375 0.15970780933798814 0.0765625
0 0.2636027425500448 0.7671875 0.16169636182749914 0.071875
0 0.4377030933798817 0.765625 0.15953021058274358 0.07421875
0 0.4283737923402633 0.6734375 0.15033280933798818 0.0765625
0 0.647353548363548 0.94453125 0.0728356939860042 0.10546875
0 0.7219508066619177 0.92890625 0.07327432448483506 0.1421875
0 0.6350750008484145 0.7515625 0.07093057448483506 0.1421875
0 0.6199432178554282 0.53125 0.07487271328203597 0.16328125
0 0.434906289640971 0.584375 0.14798905933798814 0.0765625
0 0.25948023715146007 0.5890625 0.16246595643355874 0.08203125
0 0.25399798652676014 0.49609375 0.15056960767831423 0.0796875
0 0.42851273445216764 0.5 0.1570088618274991 0.071875
0 0.3979004292633644 0.415625 0.14216511182749914 0.071875
0 0.2524103305081199 0.41328125 0.14486405933798815 0.0765625
0 0.2343688802983384 0.31953125 0.13747761182749912 0.071875
0 0.3929626302983384 0.31953125 0.16282115394404784 0.08671875
0 0.40164962344986116 0.23828125 0.12341511182749905 0.071875
0 0.22803452469461663 0.2359375 0.12377030933798813 0.0765625
0 0.6063389686806208 0.34140625 0.07721646328203598 0.16328125
0 0.8767302885920637 0.115625 0.11127030933798814 0.0765625
0 0.7835391634918174 0.25703125 0.13513386182749904 0.071875
0 0.927466762247062 0.259375 0.13314530933798813 0.0765625
0 0.7886778719999686 0.33515625 0.1524989605827436 0.07421875
0 0.7932012738694241 0.42578125 0.14252030933798815 0.0765625
0 0.9369558636456702 0.415625 0.12608827270865958 0.08671875
0 0.939812474279698 0.51171875 0.1203750514406039 0.0765625
0 0.8066852786433089 0.5109375 0.14163231556176542 0.06484375
0 0.8373092392260524 0.58515625 0.1353114605827436 0.07421875
0 0.953840238751722 0.59609375 0.09231952249655606 0.071875
0 0.9516747794685013 0.67578125 0.09665044106299732 0.0671875
0 0.8281845381910784 0.68125 0.1509248051888033 0.084375
0 0.8313230388157784 0.77421875 0.12341511182749905 0.071875
0 0.9519952414510143 0.7765625 0.0960095170979713 0.0765625
0 0.9605217422820125 0.86640625 0.07895651543597496 0.07421875
0 0.8466655415150708 0.86328125 0.14486405933798813 0.0765625
0 0.8418731429696077 0.9546875 0.15033280933798815 0.0765625
0 0.9641950304055513 0.9546875 0.07160993918889744 0.0671875