0 0.5430331049176891 0.96015625 0.06997024881887359 0.0796875
0 0.5479537618112635 0.796875 0.07531500244707061 0.165625
0 0.5541120256910796 0.57578125 0.07801341651222131 0.17578125
0 0.34311495047118534 0.9578125 0.15450893992586617 0.084375
0 0.1832588008340051 0.94921875 0.15208334437236992 0.08203125
0 0.18617795890870587 0.865625 0.14173612141421194 0.0765625
0 0.3386854000156984 0.8609375 0.14505209437236993 0.08203125
0 0.3462920580903992 0.77734375 0.14461558475372308 0.06953125
0 0.19621021253690296 0.7796875 0.14712302586071563 0.07421875
0 0.19317947097442342 0.6875 0.14938493030721936 0.071875
0 0.3512375076349123 0.68046875 0.15189237141421189 0.0765625
0 0.3544840479235982 0.5875 0.14695933475372308 0.06953125
0 0.1931646020072822 0.5984375 0.15641618030721935 0.071875
0 0.20481391933781015 0.5109375 0.1449702488188737 0.0796875
0 0.369121955998299 0.50390625 0.13211558475372306 0.06953125
0 0.21579111407299978 0.4203125 0.1470411803072194 0.071875
0 0.36722961770119683 0.334375 0.14469743030721932 0.071875
0 0.5583184091710092 0.32109375 0.07817710761921379 0.18046875
0 0.20925342659420426 0.3390625 0.13236112141421197 0.0765625
0 0.2170510576270631 0.25 0.14192709437236992 0.08203125
0 0.3623089939247322 0.2515625 0.12056052586071572 0.07421875
0 0.5699354993670278 0.12265625 0.07793157095872498 0.1734375
0 0.382224679041275 0.1734375 0.14954862141421188 0.0765625
0 0.23007190199943298 0.16796875 0.1370486214142119 0.0765625
0 0.22439731007413374 0.084375 0.13906498920022675 0.0671875
0 0.37585068266947214 0.0875 0.13914683475372308 0.06953125
0 0.3883804537208643 0.01953125 0.13102431070710593 0.03828125
0 0.22906001742319515 0.01796875 0.1434424651536097 0.0359375
0 0.023625369737151944 0.07109375 0.04725073947430389 0.07421875
0 0.7302330045548693 0.96875 0.14671379809323426 0.0625
0 0.8905529456618619 0.9640625 0.13454118030721957 0.071875
0 0.8865772629923899 0.8765625 0.14445189364673042 0.06484375
0 0.7398932359505478 0.87109375 0.13931052586071574 0.07421875
0 0.7342732077275795 0.7859375 0.14173612141421205 0.0765625
0 0.8856720166205869 0.790625 0.15172868030721923 0.071875
0 0.8888094295046111 0.70078125 0.14149058475372306 0.06953125
0 0.7347519012816429 0.615625 0.14505209437236993 0.08203125
0 0.9019394012816427 0.615625 0.1321974303072196 0.071875
0 0.9057216549098399 0.5296875 0.14965774881887342 0.0796875
0 0.7508977456540128 0.53359375 0.15657987141421187 0.0765625
0 0.7634920040915333 0.44140625 0.14200893992586608 0.084375
0 0.915753908538037 0.44375 0.13931052586071574 0.07421875
0 0.9157117577197305 0.35546875 0.14157243030721958 0.071875
0 0.7704811032732266 0.353125 0.14486112141421187 0.0765625
0 0.7624627613479273 0.26953125 0.11328373920022691 0.0671875
0 0.9139434157944312 0.271875 0.15189237141421189 0.0765625
0 0.9177256694226281 0.1859375 0.15399058475372307 0.06953125
0 0.7614756694226281 0.1859375 0.13950149881887378 0.0796875
0 0.7598710186043215 0.09765625 0.14946677586071572 0.07421875
0 0.9207266730508252 0.1 0.13931052586071574 0.07421875
0 0.7742088263162026 0.02265625 0.14376984736759474 0.0453125
0 0.9225099170603756 0.0265625 0.15107391587924895 0.053125