0 0.1 0.259375 0.084375 0.21171875
0 0.196875 0.2328125 0.0765625 0.20703125
0 0.2984375 0.24375 0.071875 0.21875
0 0.3953125 0.25390625 0.09375 0.209375
0 0.4953125 0.2515625 0.08203125 0.2140625
0 0.5875 0.2546875 0.084375 0.22109375
0 0.67890625 0.23671875 0.06953125 0.165625
0 0.77734375 0.25625 0.084375 0.21875
0 0.8609375 0.2453125 0.0765625 0.20703125
0 0.96015625 0.25 0.0796875 0.22109375
0 0.05078125 0.734375 0.0765625 0.21875
0 0.14765625 0.7140625 0.084375 0.21640625
0 0.24296875 0.72734375 0.071875 0.21875
0 0.33203125 0.72578125 0.0765625 0.21171875
0 0.42890625 0.728125 0.0796875 0.20703125
0 0.525 0.7234375 0.0796875 0.20703125
0 0.61796875 0.71875 0.08203125 0.1734375
0 0.7125 0.734375 0.0796875 0.21875
0 0.821875 0.56953125 0.1734375 0.09609375