0 0.10459039095607459 0.8641465886676476 0.08695379163898186 0.2717068226647047
0 0.24368316933370465 0.8545436913589988 0.08755456893687778 0.28205906934277214
0 0.31853297500923067 0.8525263843491355 0.0814244848837217 0.2949472313017288
0 0.3983706693337047 0.8553201223543855 0.08581159623477372 0.2893597552912291
0 0.5426015306847567 0.8533379167329516 0.08082370758582584 0.28666475334181774
0 0.6125135124861594 0.8479060767424965 0.07148947794389145 0.25064543734086336
0 0.6885648727574774 0.8651850307526778 0.07088870064599533 0.24127043734086334
0 0.7643263363602827 0.8514040142126683 0.08411868830749433 0.2971919715746633
0 0.8406280205057239 0.8735336897179181 0.0764773665928395 0.2529326205641638
0 0.9108403909560746 0.8700297017226111 0.07962215299003397 0.25994059655477775
0 0.9730271734242351 0.8679127781269486 0.05394565315152988 0.25318009134309055
0 0.9712581853405317 0.2159144734643122 0.05748362931893673 0.24127043734086334
0 0.9113437199243268 0.2362173354550853 0.08037312461240376 0.27963350334181775
0 0.8377059608250284 0.2322378127784494 0.07787918028792973 0.2772624813414996
0 0.7693064142488009 0.2369065841024498 0.07658679055924793 0.29364145934118147
0 0.7002758119970475 0.24391001475967755 0.07598601326135182 0.2842664593411815
0 0.6212997108250283 0.2297196980824053 0.08226629163898203 0.27262952534213597
0 0.5418124699243269 0.23191745007158762 0.08426888263196837 0.30387952534213597
0 0.46478889497046944 0.24819588339431536 0.07323245064599551 0.2412977093411815
0 0.3981625994739762 0.23180726738540672 0.07409284623477372 0.2912704373408633
0 0.32492535857327487 0.2340777447087708 0.08596179055924776 0.2937505473424541
0 0.24251337677187218 0.23936413403086218 0.08346784623477373 0.2913795253421359
0 0.16248591532853504 0.20876756735358998 0.0791215052417873 0.26010225334181775
0 0.09665016424880088 0.22907952001113582 0.07473439389073526 0.2647352093411814