0 0.11469349110015226 0.8634897879933184 0.09013270560836614 0.27268406934277245
0 0.25364924732392957 0.8501438086410011 0.09084310062934434 0.28205906934277214
0 0.32847164856868505 0.8469273546308198 0.08487744316081151 0.29603975334181776
0 0.40833674732392955 0.8483438566200021 0.08920974565032243 0.291406797342454
0 0.5525127998134405 0.8419745832670484 0.08416704813983351 0.28666475334181774
0 0.6223517031327883 0.8349064232575035 0.0744126172260838 0.25064543734086336
0 0.6985948944195002 0.8504399692473221 0.07370222220510562 0.24127043734086334
0 0.7742102010581959 0.8370490839035953 0.0876355902563823 0.3015357753421359
0 0.8507493902703154 0.856488879893414 0.0794553147365729 0.25538748134149963
0 0.9209434911001523 0.8541082198838691 0.08274625809787714 0.26791475334181775
0 0.9772999809218772 0.8461497218730514 0.04540003815624551 0.25318009134309055
0 0.9717514650944017 0.19346052653568785 0.05649706981119671 0.24127043734086331
0 0.9139836800885568 0.2153451645449147 0.08363425187409987 0.27963350334181775
0 0.840309381748231 0.2130746872215506 0.08111290311885533 0.2772624813414996
0 0.7719737788438015 0.21934341589755016 0.08001234440556697 0.2936414593411814
0 0.7030345246946166 0.22796498524032244 0.07930194938458879 0.2842664593411815
0 0.623903131748231 0.2155928019175947 0.08544520560836624 0.27262952534213597
0 0.544452430088557 0.21964504992841238 0.08781318901162649 0.30387952534213597
0 0.46762982096035016 0.23774161660568463 0.07604597220510563 0.2412977093411815
0 0.40082082925872003 0.22288023261459333 0.07749099565032255 0.29127043734086333
0 0.327620127599046 0.2268597552912292 0.08938734440556698 0.2937505473424541
0 0.24528122427969815 0.23407336596913778 0.08686599565032242 0.29137952534213596
0 0.16490664004660066 0.20529493264641002 0.08215426224706199 0.26010225334181775
0 0.09931752884380149 0.22717047998886414 0.07782195975755105 0.2647352093411815