0 0.14865324772209992 0.371875 0.16777059990117796 0.10390625
0 0.4143916397872399 0.3296875 0.1479663341161625 0.09921875
0 0.6444585713855059 0.35 0.15857761042452162 0.10703125
0 0.4895149241998684 0.5421875 0.15090932359281872 0.09609375
0 0.19563612158314989 0.5578125 0.15963187620953723 0.11171875
0 0.05763918452909735 0.72890625 0.1152783690581947 0.11796875
0 0.25506578753757464 0.73125 0.15761434990117795 0.10390625
0 0.4676112901684106 0.73046875 0.170516168302912 0.12421875
0 0.702494524383395 0.73515625 0.16642790777956834 0.12109375
0 0.9168663794756575 0.55546875 0.10706831833114663 0.09453125
0 0.8994877056287252 0.384375 0.16316639988706072 0.11875
0 0.8216944475244559 0.1640625 0.14883858937783428 0.10078125
0 0.5760480185570258 0.14296875 0.16444817882625565 0.12734375
0 0.3444717948653851 0.13515625 0.15668888673288092 0.11484375
0 0.08440178620928754 0.11953125 0.16880357241857508 0.13359375
0 0.20130520875367125 0.903125 0.17483964725622458 0.11796875
0 0.42262647190785085 0.89921875 0.15241861568619353 0.10859375
0 0.7188461084289702 0.56171875 0.14823934990117796 0.10390625
0 0.9147046399990014 0.55234375 0.11202883411616256 0.09921875
0 0.8990055033367076 0.74140625 0.1227234104104042 0.121875
0 0.8648671798144761 0.91171875 0.15209239199455277 0.11640625
0 0.6515782245386867 0.8984375 0.144545202503779 0.134375
0 0.035530163394176 0.546875 0.071060326788352 0.1