0 0.1638213977298191 0.3728658491396783 0.1635324403401976 0.1048471021647405
0 0.42783903328147826 0.3322100746445939 0.1439193697233465 0.10004597267624522
0 0.6587344772751239 0.3538679477883774 0.15421198741809833 0.10791756001026265
0 0.5116298319842321 0.5452191347530525 0.14698982264544594 0.09693915339440444
0 0.21838834659472864 0.5591396924256242 0.15507505803494928 0.11260960518980259
0 0.07130167258752088 0.7293653131335207 0.14260334517504175 0.11884596965118313
0 0.2848922337712409 0.7329817134046672 0.15337619034019756 0.10478801483072289
0 0.49740587054071606 0.7334367522394952 0.16544949634655204 0.12516869252382
0 0.732480299923865 0.7394923512809777 0.16148869926865128 0.12202096662612102
0 0.9395230069031542 0.5609911431408678 0.10321254910649565 0.09512212334017515
0 0.9151657094182163 0.3897383118569745 0.15832278896022559 0.11965903590796181
0 0.8283862784102144 0.16889857103035663 0.14472789326229707 0.10161301785578498
0 0.581879471186044 0.14636854429577703 0.15925404342445262 0.12825733108750156
0 0.3499845888807956 0.1372061259724538 0.15200460511284994 0.11571642447164328
0 0.08547725903021301 0.12003121974937896 0.17095451806042603 0.1345936894987579
0 0.23814214448670348 0.904602183350438 0.1700279021907507 0.11894596360105894
0 0.4593040783340793 0.9019822191602038 0.14798926095704862 0.1094436985739442
0 0.7417576627473528 0.5660912127172961 0.14400119034019773 0.10473347267624504
0 0.9372338039810547 0.5578525076022484 0.10798186972334634 0.09983689441741408
0 0.9292462057680637 0.7468877365250094 0.11775233603812651 0.12254768657189175
0 0.9020546400224767 0.9170593359592754 0.14734437865180042 0.11725165339440444
0 0.6882239651035545 0.9025327067653677 0.13906427434972918 0.13517040641946637
0 0.045663507306895945 0.5471658914905477 0.09132701461379189 0.10058178298109546