0 0.0697792366913082 0.3317039970731338 0.08949221741393629 0.2410886083130605
0 0.17180465171033624 0.3232960785534188 0.09633246642535309 0.2364420149289188
0 0.2704968196951138 0.3289733859314029 0.10538913144438115 0.22868405708339648
0 0.36159932216657176 0.34016489510478504 0.08761404102620177 0.19499485831306052
0 0.8990409723568522 0.25889463086323733 0.14104012996150636 0.2218618853422277
0 0.06987466756484809 0.7943130813820891 0.0831321294672148 0.2191817920562819
0 0.16466058554962565 0.8000131146577724 0.09046712699575687 0.20750849385167988
0 0.2627306710248892 0.8096012172152962 0.09698904102620176 0.1950494004675381
0 0.36300258505533406 0.7965148890546608 0.10196304250907655 0.20210792154477702
0 0.4586970870325004 0.8053353771508043 0.10452962699575678 0.20759030708339657
0 0.6652362471086126 0.7728763593932151 0.0947288626613009 0.1395806504675381
0 0.9532257480600148 0.8781895315271673 0.09354850387997046 0.22406473477649377