0 0.05625 0.33203125 0.0796875 0.240625
0 0.15859375 0.32421875 0.08671875 0.2359375
0 0.25703125 0.33046875 0.09609375 0.228125
0 0.34765625 0.3421875 0.0796875 0.19453125
0 0.88828125 0.2640625 0.13203125 0.22109375
0 0.0375 0.79453125 0.07421875 0.21875
0 0.13203125 0.80078125 0.08203125 0.20703125
0 0.2296875 0.8109375 0.0890625 0.19453125
0 0.33046875 0.7984375 0.09375 0.2015625
0 0.42578125 0.8078125 0.09609375 0.20703125
0 0.63359375 0.7765625 0.0890625 0.1390625
0 0.92890625 0.88359375 0.1078125 0.2234375