0 0.43175258505533404 0.7961149132551577 0.19610302026595505 0.09721186416679295
0 0.3732795573750051 0.6651739854638647 0.1915110207602467 0.09952834308955402
0 0.13190514087310237 0.6673596959416657 0.1939502712545383 0.1018857286281735
0 0.9381220128887623 0.9510048628110607 0.12375597422247538 0.0882272287263696
0 0.9877745204081185 0.6911980707547787 0.024450959183763034 0.21668805113146822
0 0.8955157708745244 0.030316190357971763 0.20896845825095128 0.060632380715943526
0 0.3786807569200822 0.03179905518283441 0.19482968034206732 0.06359811036566881
0 0.8121338799615063 0.2164213054330765 0.16680679250907665 0.20248517144658118
0 0.6573163873758803 0.25248659134103824 0.0997466265014653 0.20521928600615763
0 0.5441306378701718 0.25548939237431056 0.09544112847863158 0.2145670149289188
0 0.44682455634924095 0.26465128981678665 0.10177204152049324 0.19742042154477704
0 0.3456931378701718 0.256643867977422 0.0966070390490354 0.18567440046753825
0 0.26385023026551757 0.30009895218818156 0.08742304003761862 0.19030735831306042
0 0.16891973224268392 0.3100284640920382 0.09914179003761854 0.19037553600615764
0 0.13529817144481868 0.022509667959841165 0.16981509288963736 0.04501933591968233