0 0.4085094114417223 0.7984375 0.19330565201304478 0.09609375
0 0.3538571794239049 0.6671875 0.1886454240133631 0.0984375
0 0.11246002009067764 0.66796875 0.19101644601368117 0.10078125
0 0.9126894761298121 0.95625 0.12601815467854466 0.0875
0 0.9792061587066232 0.696875 0.041587682586753515 0.21640625
0 0.8949130580044544 0.0328125 0.20778577534213588 0.06484375
0 0.37772555800445434 0.0328125 0.1929420253421359 0.06484375
0 0.8056976586966804 0.22109375 0.16093914202736243 0.2015625
0 0.649856738701453 0.25625 0.09378800469445317 0.2046875
0 0.5366027607017712 0.25859375 0.08920959269572606 0.2140625
0 0.4390465080362711 0.2671875 0.09604084802672612 0.196875
0 0.3381652607017711 0.25859375 0.09121698802513523 0.18515625
0 0.2550714973742709 0.3015625 0.08189653202577159 0.18984375
0 0.1598680853755435 0.3109375 0.09361528202577159 0.18984375
0 0.13463862933640897 0.02265625 0.16849600867281792 0.0453125