0 0.7699957545353697 0.969522455768365 0.09216077534213589 0.06095508846327
0 0.7897035586012302 0.4866582427715255 0.08429482602640803 0.1950084938516799
0 0.8934403699872732 0.09895423057308114 0.09827551002545362 0.18805905708339649
0 0.6900790126511825 0.11808498389273085 0.09640447469763487 0.22867042154477707
0 0.3063241532065967 0.9354390928931624 0.193332924013363 0.09955561416679296
0 0.21851671256368657 0.7599163972460843 0.08200562002704422 0.1996823583130606
0 0.3604064099300032 0.5177566892041703 0.17687213001272664 0.0947726653964569
0 0.2539211472788207 0.4030669544276767 0.11546301002545337 0.1881590510332723
0 0.1508955972708665 0.4610652859079618 0.07442038669636224 0.21916815651766233
0 0.2028688193030014 0.22463288221896974 0.0769004966979531 0.23090054205628183
0 0.12024722330522856 0.20774484318775 0.07444765869668042 0.22151190651766237
0 0.036538935660011665 0.20178521379745065 0.07307787132002333 0.20744940651766236
0 0.0996363733290911 0.031831782981095534 0.1616647533418178 0.06343630698520061
0 0.2809954613303638 0.02351126463433119 0.16846873667249973 0.04394596360105891