0 0.8093922819994397 0.969522455768365 0.09329301042484124 0.06095508846327
0 0.8093381768930972 0.4866582427715255 0.08769153127452363 0.1950084938516799
0 0.8972590963973609 0.09895423057308114 0.10154944279472175 0.18805905708339649
0 0.6947251297834557 0.11808498389273085 0.10038775956691133 0.22867042154477707
0 0.344352303707052 0.9354390928931624 0.19505173871722886 0.09955561416679296
0 0.2494165737653117 0.7599163972460843 0.08548417359439178 0.1996823583130606
0 0.3814094051854847 0.5177566892041703 0.17850909639736087 0.0947726653964569
0 0.27027802540202905 0.4030669544276767 0.11873694279472176 0.1881590510332723
0 0.1696391794003796 0.4610652859079618 0.07823997492717538 0.21916815651766233
0 0.2119701172470434 0.22463288221896974 0.08092470572684549 0.23090054205628183
0 0.12868024412750526 0.20774484318775 0.07830817108710937 0.22151190651766237
0 0.04414611975432586 0.20178521379745065 0.07789899412750526 0.20744940651766236
0 0.10090928213245362 0.031831782981095534 0.16275606426490724 0.06343630698520061
0 0.28188649749271755 0.02351126463433119 0.16921901293212374 0.04394596360105891