0 0.24300378622258173 0.6213681120305441 0.2556398977301443 0.11621753536758934
0 0.07079954796757124 0.20544202534213593 0.10805550705962899 0.25117269601368114
0 0.19602686850068465 0.21470903202577155 0.13304714687221458 0.2780170066836356
0 0.3320780287672413 0.22019705804422524 0.12551579169936514 0.260747690682681
0 0.4837541890337981 0.2258668973981334 0.1400783968722145 0.2780988226845901
0 0.6128961197543259 0.20862594808240525 0.12440192108710946 0.22246644068268112
0 0.7498421902874393 0.2180293147676317 0.15485395071228042 0.2759277953532718
0 0.8943279761808165 0.21814858812058535 0.15974603919208263 0.28301358935390813
0 0.5590787302709448 0.8015486974060876 0.1423539507122804 0.2757823446849084
0 0.7022066046441241 0.8086810394254957 0.12565218401923312 0.2654351906826811
0 0.8445304969639921 0.8150230407781311 0.13489079169936521 0.26085677868395374
0 0.9626192252239589 0.8118536821291759 0.07476154955208222 0.2705948580124087