0 0.25742731343138175 0.617440988292535 0.2582805687469071 0.11474934299135828
0 0.0755709673219975 0.20431025009819587 0.1138831948207603 0.2505863281606353
0 0.20098040309764625 0.21139552137182646 0.13949402645796605 0.2772897287263694
0 0.33712262098547063 0.21451091013189974 0.1315620177515388 0.2600613221105112
0 0.488889838873295 0.2175353953011768 0.14652527645796615 0.2773306353422277
0 0.617594693011738 0.19803089549756853 0.12955578245085989 0.22178007211051112
0 0.7547228787873868 0.20504798907810198 0.1612461957252714 0.2750732437534841
0 0.8991722416322571 0.20264463086323733 0.1663021879233554 0.282131764830723
0 0.5776180619610437 0.7921945068356913 0.14874619572527142 0.2750005208808471
0 0.7208734170039979 0.7968314889799062 0.1318076792169281 0.2647488221105112
0 0.8633065784693871 0.8006917663036608 0.14093701775153883 0.2601158642649889
0 0.9703818874370285 0.7952452213205128 0.059236225125943065 0.2700630360061577