0 0.225 0.61875 0.25234375 0.11328125
0 0.06484375 0.2046875 0.10078125 0.25
0 0.18984375 0.2125 0.125 0.2765625
0 0.32578125 0.21640625 0.11796875 0.259375
0 0.47734375 0.2203125 0.13203125 0.2765625
0 0.60703125 0.2015625 0.11796875 0.22109375
0 0.74375 0.209375 0.146875 0.27421875
0 0.88828125 0.2078125 0.1515625 0.28125
0 0.5359375 0.7953125 0.134375 0.27421875
0 0.67890625 0.80078125 0.11796875 0.2640625
0 0.82109375 0.80546875 0.12734375 0.259375
0 0.9515625 0.80078125 0.09140625 0.26953125