0 0.55390625 0.7984375 0.0796875 0.240625
0 0.8890625 0.94921875 0.09609375 0.10078125
0 0.884375 0.71640625 0.09140625 0.26953125
0 0.884375 0.3890625 0.09609375 0.240625
0 0.90625 0.11796875 0.10078125 0.2359375
0 0.5578125 0.22734375 0.0765625 0.24765625
0 0.55546875 0.525 0.0765625 0.19453125
0 0.209375 0.8265625 0.15859375 0.1109375
0 0.39296875 0.8375 0.1421875 0.11328125
0 0.39921875 0.4859375 0.08671875 0.2546875
0 0.30546875 0.453125 0.0765625 0.2765625
0 0.21640625 0.4578125 0.08203125 0.28125
0 0.3796875 0.19375 0.08203125 0.24765625
0 0.29296875 0.171875 0.08203125 0.25234375
0 0.21015625 0.1921875 0.07421875 0.23046875
0 0.12109375 0.1703125 0.0796875 0.25
0 0.12734375 0.4328125 0.08203125 0.259375
0 0.04296875 0.4703125 0.0765625 0.23828125
0 0.03984375 0.178125 0.07421875 0.2453125