0 0.6359375 0.5890625 0.1515625 0.2546875
0 0.5671875 0.73046875 0.10546875 0.2453125
0 0.4640625 0.74375 0.09609375 0.228125
0 0.36640625 0.73828125 0.09375 0.23046875
0 0.265625 0.73046875 0.0796875 0.22578125
0 0.16953125 0.725 0.084375 0.18046875
0 0.05625 0.7140625 0.0890625 0.2359375
0 0.93984375 0.88671875 0.10546875 0.21171875
0 0.9359375 0.16328125 0.12734375 0.2359375
0 0.4 0.21171875 0.0890625 0.22578125
0 0.3078125 0.20703125 0.09140625 0.21171875
0 0.20078125 0.2046875 0.0890625 0.23046875
0 0.10078125 0.18125 0.09140625 0.2328125