0 0.1457947022920175 0.35703125 0.1300493339749881 0.24765625
0 0.2801697022920175 0.35703125 0.1244972839891055 0.2328125
0 0.40410002595542344 0.37890625 0.12554457352223164 0.1703125
0 0.5250649733387049 0.36328125 0.13171054451244918 0.2359375
0 0.648312757539572 0.3734375 0.1351239708490432 0.2140625
0 0.7905989680770331 0.36171875 0.1468427208490432 0.2140625
0 0.927610075548299 0.35078125 0.1447798489034021 0.240625
0 0.8910720070454617 0.89296875 0.1374677208490432 0.2140625
0 0.7593214781062666 0.884375 0.1501420260965977 0.23046875
0 0.6327512728304774 0.89765625 0.13926543927901208 0.2046875
0 0.5042622517837898 0.89140625 0.13921223137238706 0.2171875
0 0.3749464781062666 0.884375 0.13139202609659772 0.23046875
0 0.10215372021375879 0.88203125 0.10560379984470822 0.16328125