0 0.125 0.35703125 0.115625 0.24765625
0 0.259375 0.35703125 0.1109375 0.2328125
0 0.38203125 0.37890625 0.115625 0.1703125
0 0.50390625 0.36328125 0.11796875 0.2359375
0 0.6265625 0.3734375 0.12265625 0.2140625
0 0.76953125 0.36171875 0.134375 0.2140625
0 0.91015625 0.35078125 0.13671875 0.240625
0 0.8390625 0.89296875 0.125 0.2140625
0 0.7078125 0.884375 0.13671875 0.23046875
0 0.58046875 0.89765625 0.12734375 0.2046875
0 0.45234375 0.89140625 0.1265625 0.2171875
0 0.3234375 0.884375 0.11796875 0.23046875
0 0.05078125 0.88203125 0.09609375 0.16328125