0 0.604240397298893 0.6917376785885037 0.0878050420147849 0.20014599801081764
0 0.6344730198460257 0.8774115492520946 0.10156911167271758 0.13549315201304496
0 0.9106442476029042 0.7686792498806874 0.10626854053191011 0.19333292401336308
0 0.9792331557882419 0.7794071172024606 0.041533688423516325 0.2078130473424542
0 0.9386075085451203 0.508722447207233 0.12278498290975932 0.0883732513526354
0 0.6200683967674203 0.293708711250822 0.1039247905319101 0.19330565201304487
0 0.5915746877564411 0.09548744179663805 0.10167654102620176 0.1909748835932761
0 0.24416103764052272 0.9663682453055469 0.12754667984777565 0.06395450668363552
0 0.22705976786885923 0.872772786640683 0.17090936068413445 0.13161472135581712
0 0.22049940866759948 0.7501347179742285 0.19278436068413454 0.13186926002545346
0 0.21594987703293791 0.6001165366406831 0.1952236111784261 0.1342402820257714
0 0.19558168581645577 0.48389209997613747 0.18420519813656436 0.15129142202418072
0 0.19354965912471003 0.3572932373090466 0.18214794961943914 0.1582954000238626
0 0.18507663144438116 0.2260795999761375 0.18946570110231392 0.165408466024817
0 0.14386935821267655 0.11635061131445541 0.1740489481365644 0.15117324335613533
0 0.08488167737631772 0.05053139349936366 0.15098152125453826 0.10106278699872732