0 0.6001712249418926 0.6950877026791609 0.08664437204718425 0.1996823583130606
0 0.6293205555192645 0.8808933924725064 0.10078622840045348 0.13493405708339665
0 0.9061062556119317 0.773792923017715 0.10514883538669509 0.19276019262201594
0 0.9772315690499969 0.7850162484478759 0.045536861900006186 0.2074221354404237
0 0.937220394142664 0.5141270315271672 0.1255592117146719 0.08754597267624523
0 0.6183160126986897 0.2972451003180287 0.10280508538669526 0.19274655708339647
0 0.5909920769491748 0.09706018037922613 0.10054318094019159 0.19412036075845227
0 0.23851699544513058 0.9675591629605702 0.12718254809323423 0.06322722872636959
0 0.22196192330527928 0.8738864310127468 0.17015378729346103 0.1306510780624393
0 0.2161161726723071 0.7512392713718266 0.192028787293461 0.13077834308955402
0 0.2124405572485449 0.6012301810127468 0.19445438284695732 0.13313572862817366
0 0.19275056142489616 0.484914834603543 0.18333583357259675 0.15025505093507635
0 0.19145590153609687 0.3583341538853838 0.18123762023308557 0.1572726653964569
0 0.18374755054030495 0.227102334603543 0.1885144068935744 0.1643448220123153
0 0.14318205952597962 0.11715970804191403 0.17317958357259675 0.15019596360105888
0 0.08458582032575282 0.05055866642276115 0.1503943588003402 0.1011173328455223