0 0.57578125 0.6984375 0.0796875 0.19921875
0 0.5984375 0.884375 0.09609375 0.134375
0 0.87890625 0.77890625 0.0984375 0.1921875
0 0.9640625 0.790625 0.0671875 0.20703125
0 0.92890625 0.51953125 0.1421875 0.08671875
0 0.6078125 0.30078125 0.09609375 0.1921875
0 0.5875 0.1 0.09375 0.19453125
0 0.2046875 0.96875 0.125 0.0625
0 0.19140625 0.875 0.165625 0.1296875
0 0.18984375 0.75234375 0.1875 0.1296875
0 0.19140625 0.60234375 0.18984375 0.13203125
0 0.17578125 0.4859375 0.178125 0.14921875
0 0.17890625 0.359375 0.17578125 0.15625
0 0.17578125 0.228125 0.1828125 0.16328125
0 0.1390625 0.11796875 0.16796875 0.14921875
0 0.0828125 0.05078125 0.146875 0.10078125