0 0.14006209983059079 0.17737050019639172 0.2652448393778343 0.10229024960721653
0 0.12588693678935065 0.05546875 0.2517738735787013 0.1109375
0 0.7088590605092262 0.016325667596359096 0.2880306210184525 0.03265133519271819
0 0.7054526104245216 0.10296331431187107 0.3246044288262556 0.1291890928931624
0 0.7341908024049569 0.23409059446429623 0.2786093893637169 0.11720672247985346
0 0.7430715206937515 0.3731485492847564 0.2762656393637169 0.11719308694123409
0 0.7415229731975306 0.5075780914392342 0.2652448393778343 0.10229024960721649
0 0.7582693993929503 0.6340860492847564 0.28022509727034206 0.10472035801847283
0 0.7778146018967294 0.7683928715916593 0.2700688472703421 0.10466127068445541
0 0.7696065307229851 0.8958275251824555 0.2737853814712089 0.11483570140261463
0 0.7958875806382805 0.9847673053348807 0.2559615736634058 0.023356728529977742
0 0.1843816622647813 0.9383080001963918 0.25159186305535763 0.1092396863754999
0 0.1966779939618693 0.8139756207078964 0.2699323393778343 0.1023175206844555
0 0.20010755987394174 0.6850057381943392 0.27346686305535756 0.10936695140261463
0 0.17413034684681902 0.5476102773237548 0.2608303551628498 0.10695047852997774
0 0.1766421548663837 0.41630118998973725 0.26331061305535763 0.1093078640685972