0 0.35703125 0.1296875 0.06484375 0.196875
0 0.4390625 0.125 0.06953125 0.1875
0 0.5328125 0.14765625 0.084375 0.18515625
0 0.63125 0.14765625 0.084375 0.2046875
0 0.725 0.1453125 0.07421875 0.18515625
0 0.81875 0.14453125 0.0890625 0.178125
0 0.9125 0.1390625 0.09375 0.196875
0 0.0453125 0.52421875 0.08671875 0.20703125
0 0.13828125 0.525 0.07421875 0.209375
0 0.22265625 0.5328125 0.07421875 0.19921875
0 0.31484375 0.5359375 0.08203125 0.1875
0 0.0484375 0.7484375 0.071875 0.18984375
0 0.13671875 0.74765625 0.08203125 0.2015625
0 0.22578125 0.75234375 0.0765625 0.1921875
0 0.31953125 0.7640625 0.08203125 0.178125
0 0.5046875 0.56875 0.0765625 0.18515625
0 0.5921875 0.56015625 0.07421875 0.1921875
0 0.6828125 0.56875 0.08203125 0.1703125
0 0.77421875 0.5625 0.08203125 0.1875
0 0.86328125 0.5734375 0.071875 0.1703125
0 0.9125 0.41796875 0.1703125 0.09609375
0 0.50234375 0.89453125 0.071875 0.20703125
0 0.5890625 0.9015625 0.08671875 0.1921875
0 0.678125 0.89453125 0.071875 0.196875
0 0.76328125 0.89765625 0.0796875 0.19921875
0 0.8484375 0.89296875 0.09140625 0.18515625