0 0.3517468893158655 0.12553306528486585 0.07286579152049333 0.197629525342136
0 0.43396914030444866 0.11989104527373 0.07717128954332697 0.1883090693427723
0 0.52679596885963 0.14145641526100333 0.09191953904903549 0.186138042011454
0 0.62523346885963 0.1403109912476403 0.0927153765014653 0.205669292011454
0 0.7190789693539216 0.13687636123491362 0.08176328904903532 0.18601986334340861
0 0.8128608028520187 0.13500423122218694 0.0963205375661608 0.17916133601209036
0 0.9068336373386992 0.12844460120946025 0.10177204152049342 0.1979658800127267
0 0.035764768137330046 0.5236914913271822 0.07152953627466009 0.20804031401177206
0 0.11688913927868447 0.5233909519812281 0.08275012749004845 0.2102386133434088
0 0.2009458042977125 0.5302216599697741 0.0823362920147849 0.20008236334340862
0 0.2930059703053237 0.5322739612905929 0.08967128954332697 0.18845452001113577
0 0.028873139420847883 0.7478738786600913 0.05774627884169577 0.1906800913430903
0 0.10625409232098366 0.7460653833147737 0.0902442925090765 0.20251702001113578
0 0.1951255913324005 0.7497165473026832 0.0843935405319101 0.19307838534372673
0 0.28839808886094254 0.7603444172899566 0.0892892875661607 0.17907952001113578
0 0.4815127133852416 0.5628774292648213 0.08410703904903549 0.18604713534372674
0 0.5693628818643106 0.5532655245862764 0.08204979053191011 0.1930511133434086
0 0.6596377133852415 0.5608047572406406 0.08897095258518864 0.17126702001113578
0 0.7512986313700191 0.5534911492282321 0.08967128954332697 0.18845452001113577
0 0.8399154623966585 0.5633923132161417 0.07881470258518845 0.1711488413430903
0 0.8954690785180002 0.4073508512094602 0.17422802026595505 0.09807551535645342
0 0.4658943946787108 0.8886859512651395 0.08031087699575679 0.20786759134309057
0 0.5523266431958361 0.8947081372533674 0.09454979053191011 0.19319656401177232
0 0.6416756446787109 0.8866405512412768 0.07989704152049341 0.19771134134309057
0 0.726704560686322 0.8887746685630502 0.08780504201478508 0.20014599801081764
0 0.8120518116749051 0.8830962858848235 0.0989507890490355 0.18621985801240867