0 0.8883570981577197 0.81875 0.12320167154477701 0.09375
0 0.9141388690385668 0.953125 0.07242042154477701 0.09375
0 0.8251980471244474 0.70546875 0.15674087939029918 0.084375
0 0.9068151649054776 0.5 0.08281302088084708 0.134375
0 0.9753914063212707 0.4546875 0.04921718735745841 0.103125
0 0.9285532886384363 0.3421875 0.07024484318774996 0.12265625
0 0.7043184414436656 0.8765625 0.08274484318774995 0.12265625
0 0.6324707125209044 0.88125 0.06798290641946654 0.13671875
0 0.5535780980595237 0.88359375 0.07727609318774994 0.12265625
0 0.47781048359814327 0.8859375 0.07495961426498887 0.12734375
0 0.399690028777683 0.88671875 0.067996541958086 0.1390625
0 0.33092639323906364 0.884375 0.065652791958086 0.1390625
0 0.2621900287776831 0.88671875 0.07262949980360833 0.1296875
0 0.1863315107255063 0.8734375 0.0656118853422277 0.13203125
0 0.11606900770044419 0.88203125 0.06308632816063535 0.10078125
0 0.0481002577004442 0.88203125 0.07262949980360826 0.1296875
0 0.029662312446149648 0.5328125 0.05395222267624521 0.1421875
0 0.10382197511213213 0.52265625 0.06335449375348405 0.146875
0 0.17652822208707003 0.53125 0.06330904195808595 0.1390625
0 0.24686344798476906 0.53515625 0.07035847267624522 0.1421875
0 0.3765009510098312 0.5265625 0.06093802088084708 0.134375
0 0.44919356244614966 0.5328125 0.06558461426498888 0.12734375
0 0.5249157251121321 0.52265625 0.06784655103327228 0.11328125
0 0.6006560684962738 0.515625 0.08037382211051121 0.11796875
0 0.6795532281371942 0.5140625 0.0654300781606354 0.10078125
0 0.7467998154712118 0.52421875 0.070340291958086 0.1390625
0 0.7493970537637468 0.29921875 0.07730336426498888 0.12734375
0 0.6712493278660477 0.2953125 0.08041472872636941 0.125
0 0.5915709182251273 0.296875 0.0702993853422278 0.13203125
0 0.5126783037637468 0.29921875 0.08048290641946654 0.13671875
0 0.4282623971478885 0.2921875 0.07504597267624522 0.1421875
0 0.24475046037960507 0.30625 0.06790109318774995 0.12265625
0 0.16654819232742832 0.29296875 0.05622324980360829 0.1296875
0 0.09546353268650794 0.29453125 0.07270222267624522 0.1421875
0 0.030656144122826412 0.30078125 0.058566999803608265 0.1296875
0 0.7642806686179109 0.0375 0.06761929205628192 0.07421875
0 0.6806596475406719 0.0328125 0.06756474990180408 0.06484375
0 0.6072130571815924 0.03125 0.06989486436318479 0.0625
0 0.27203408128389334 0.02734375 0.06594316256778665 0.0546875
0 0.20172158128389334 0.02734375 0.06281816256778663 0.0546875
0 0.12515908128389333 0.02734375 0.06281816256778663 0.0546875
0 0.04315055718159235 0.03125 0.07223861436318471 0.0625