0 0.88359375 0.81875 0.12265625 0.09375
0 0.90859375 0.953125 0.071875 0.09375
0 0.82109375 0.70546875 0.15625 0.084375
0 0.90390625 0.5 0.08203125 0.134375
0 0.97421875 0.4546875 0.0515625 0.103125
0 0.9265625 0.3421875 0.06953125 0.12265625
0 0.69921875 0.8765625 0.08203125 0.12265625
0 0.62734375 0.88125 0.0671875 0.13671875
0 0.5484375 0.88359375 0.0765625 0.12265625
0 0.47265625 0.8859375 0.07421875 0.12734375
0 0.39453125 0.88671875 0.0671875 0.1390625
0 0.32578125 0.884375 0.06484375 0.1390625
0 0.25703125 0.88671875 0.071875 0.1296875
0 0.18125 0.8734375 0.06484375 0.13203125
0 0.1109375 0.88203125 0.0625 0.10078125
0 0.04296875 0.88203125 0.071875 0.1296875
0 0.0265625 0.5328125 0.053125 0.1421875
0 0.10078125 0.52265625 0.0625 0.146875
0 0.1734375 0.53125 0.0625 0.1390625
0 0.24375 0.53515625 0.06953125 0.1421875
0 0.3734375 0.5265625 0.06015625 0.134375
0 0.44609375 0.5328125 0.06484375 0.12734375
0 0.521875 0.52265625 0.0671875 0.11328125
0 0.59765625 0.515625 0.0796875 0.11796875
0 0.6765625 0.5140625 0.06484375 0.10078125
0 0.74375 0.52421875 0.06953125 0.1390625
0 0.74765625 0.29921875 0.0765625 0.12734375
0 0.66953125 0.2953125 0.0796875 0.125
0 0.58984375 0.296875 0.06953125 0.13203125
0 0.5109375 0.29921875 0.0796875 0.13671875
0 0.4265625 0.2921875 0.07421875 0.1421875
0 0.24296875 0.30625 0.0671875 0.12265625
0 0.16484375 0.29296875 0.05546875 0.1296875
0 0.09375 0.29453125 0.071875 0.1421875
0 0.02890625 0.30078125 0.0578125 0.1296875
0 0.7640625 0.0375 0.0671875 0.07421875
0 0.68046875 0.0328125 0.0671875 0.06484375
0 0.60703125 0.03125 0.06953125 0.0625
0 0.271875 0.02734375 0.065625 0.0546875
0 0.2015625 0.02734375 0.0625 0.0546875
0 0.125 0.02734375 0.0625 0.0546875
0 0.04296875 0.03125 0.071875 0.0625