0 0.0171875 0.2015625 0.03359375 0.1109375
0 0.05859375 0.20703125 0.0359375 0.10078125
0 0.0984375 0.19609375 0.02890625 0.0984375
0 0.13671875 0.21171875 0.03359375 0.09609375
0 0.1734375 0.20703125 0.03359375 0.09609375
0 0.21015625 0.21171875 0.03125 0.08203125
0 0.38203125 0.2046875 0.03359375 0.10078125
0 0.4203125 0.2078125 0.02890625 0.0796875
0 0.4578125 0.20546875 0.03125 0.11328125
0 0.3140625 0.29453125 0.07421875 0.05546875
0 0.39921875 0.303125 0.071875 0.0484375
0 0.51953125 0.27890625 0.0765625 0.053125
0 0.68046875 0.1828125 0.053125 0.09609375
0 0.6703125 0.36875 0.04296875 0.103125
0 0.62734375 0.38203125 0.03828125 0.10546875
0 0.5890625 0.453125 0.0484375 0.1078125
0 0.540625 0.45546875 0.03359375 0.0984375
0 0.56875 0.5875 0.0359375 0.0984375
0 0.040625 0.44609375 0.03359375 0.103125
0 0.0796875 0.44375 0.03359375 0.103125
0 0.11640625 0.4421875 0.03125 0.10546875
0 0.1578125 0.44609375 0.03125 0.0984375
0 0.19609375 0.44375 0.03125 0.1078125
0 0.34140625 0.44453125 0.03359375 0.09609375
0 0.38203125 0.44609375 0.03359375 0.0984375
0 0.421875 0.44609375 0.03125 0.0984375
0 0.459375 0.4484375 0.03359375 0.0984375
0 0.04296875 0.61640625 0.03359375 0.0890625
0 0.084375 0.62109375 0.03828125 0.103125
0 0.125 0.6234375 0.03359375 0.11328125
0 0.16328125 0.62265625 0.03828125 0.10078125
0 0.196875 0.6234375 0.03359375 0.1078125
0 0.26953125 0.6234375 0.03359375 0.103125
0 0.303125 0.62109375 0.03359375 0.103125
0 0.3453125 0.6234375 0.0359375 0.103125
0 0.38359375 0.62734375 0.03125 0.10546875
0 0.421875 0.62890625 0.03125 0.103125
0 0.459375 0.6234375 0.03359375 0.103125
0 0.53984375 0.6296875 0.03125 0.09140625
0 0.0625 0.7328125 0.0765625 0.0625
0 0.0375 0.8234375 0.07421875 0.05078125
0 0.2984375 0.8109375 0.071875 0.05546875
0 0.6703125 0.70078125 0.0484375 0.0796875
0 0.6421875 0.8296875 0.03828125 0.10546875
0 0.70078125 0.81640625 0.07421875 0.07421875
0 0.9265625 0.89453125 0.0453125 0.1109375
0 0.09140625 0.9078125 0.03359375 0.11328125
0 0.12734375 0.90859375 0.03359375 0.09609375
0 0.19921875 0.9109375 0.03828125 0.10546875
0 0.27890625 0.9078125 0.03828125 0.103125
0 0.3578125 0.89921875 0.03359375 0.115625
0 0.39921875 0.8953125 0.03359375 0.0890625
0 0.43359375 0.9078125 0.0359375 0.11328125
0 0.7078125 0.88125 0.07421875 0.06953125
0 0.6875 0.953125 0.0671875 0.07421875
0 0.7078125 0.9796875 0.05546875 0.040625
0 0.54296875 0.9265625 0.03359375 0.1078125
0 0.678125 0.05546875 0.053125 0.09140625
0 0.5796875 0.07109375 0.02890625 0.0984375