0 0.0328125 0.13671875 0.06484375 0.15390625
0 0.10546875 0.14453125 0.0578125 0.15390625
0 0.1703125 0.134375 0.0578125 0.14453125
0 0.2390625 0.14921875 0.05546875 0.1390625
0 0.30546875 0.14921875 0.0578125 0.14453125
0 0.3734375 0.15234375 0.05546875 0.12265625
0 0.68046875 0.14296875 0.0671875 0.146875
0 0.75234375 0.1390625 0.0625 0.115625
0 0.82421875 0.1421875 0.0671875 0.1734375
0 0.55625 0.27421875 0.12734375 0.071875
0 0.92734375 0.23984375 0.1453125 0.0828125
0 0.95703125 0.32578125 0.08203125 0.06953125
0 0.071875 0.4828125 0.0578125 0.14453125
0 0.13828125 0.48203125 0.05546875 0.1515625
0 0.20703125 0.478125 0.0578125 0.14921875
0 0.27890625 0.48203125 0.0578125 0.1421875
0 0.34609375 0.4890625 0.053125 0.146875
0 0.60234375 0.48203125 0.06484375 0.1421875
0 0.67890625 0.4828125 0.06484375 0.14453125
0 0.74609375 0.4828125 0.06953125 0.14453125
0 0.8171875 0.48203125 0.0625 0.1421875
0 0.96875 0.49375 0.0625 0.13203125
0 0.07109375 0.73203125 0.06015625 0.13203125
0 0.1453125 0.73828125 0.06953125 0.15390625
0 0.2140625 0.73671875 0.0625 0.1515625
0 0.28359375 0.7328125 0.0625 0.14453125
0 0.3484375 0.7359375 0.0625 0.14921875
0 0.475 0.7359375 0.06015625 0.14921875
0 0.53828125 0.73828125 0.0578125 0.14453125
0 0.61328125 0.7390625 0.0578125 0.15625
0 0.68046875 0.74375 0.0625 0.1515625
0 0.75 0.73828125 0.0671875 0.14453125
0 0.8171875 0.7390625 0.0671875 0.1515625
0 0.96640625 0.73828125 0.0625 0.14453125