0 0.15813020395250138 0.34617379626712175 0.10125896637033702 0.17963868141174383
0 0.13968386652011824 0.12978118303659697 0.10398535364324064 0.18436709172016935
0 0.2319803580644823 0.9058391225660156 0.10398535364324066 0.18436709172016919
0 0.47847284972953263 0.8585066063339613 0.09891521637033698 0.17959777110331848
0 0.5661641683659844 0.8593230381527424 0.10087632909743345 0.17495118141174393
0 0.6590864103208988 0.46417240503671503 0.07330930955259589 0.1908528709411625
0 0.7663887272903607 0.4560405308491416 0.10125896637033698 0.17963868141174383
0 0.8642362959268123 0.45667968466474534 0.10790757909743362 0.1750739123370204
0 0.9515499059540744 0.45659213555824973 0.09690018809185119 0.19152107264544593
0 0.6517668285177052 0.8633053802799487 0.08933292227969254 0.18645174310014107
0 0.7429179870024362 0.8585848782513537 0.10277366894571252 0.16952334172016928
0 0.8416105785177053 0.8599916452974824 0.10809889773388512 0.17741766233702022
0 0.9427282800904079 0.85272284172676 0.1145434398191842 0.17992505357072242
0 0.9944701493707037 0.8542932500065905 0.011059701258592725 0.18645174310014134