0 0.1438852401513493 0.3484375 0.09397678756616062 0.178125
0 0.1342861111784261 0.13203125 0.09651153855474379 0.1828125
0 0.19483485828703864 0.90859375 0.09651153855474384 0.1828125
0 0.44308401589169294 0.865625 0.09163303756616056 0.178125
0 0.5306795163859844 0.86796875 0.09378578657757757 0.1734375
0 0.639667266843095 0.475 0.06554804003761845 0.18984375
0 0.7472250988583176 0.46875 0.09397678756616053 0.178125
0 0.844976849352609 0.47109375 0.10081703657757757 0.1734375
0 0.9395717663488036 0.47265625 0.10382929003761845 0.18984375
0 0.6160586008726648 0.8734375 0.08176328904903549 0.18515625
0 0.707337516880276 0.8703125 0.09590670209089716 0.16796875
0 0.8059023508726648 0.8734375 0.10091253707186923 0.17578125
0 0.9088045163859846 0.86796875 0.11038303756616089 0.178125
0 0.9785563529269279 0.87109375 0.04288729414614423 0.18515625