0 0.1296875 0.3484375 0.08671875 0.178125
0 0.12890625 0.13203125 0.0890625 0.1828125
0 0.1578125 0.90859375 0.0890625 0.1828125
0 0.4078125 0.865625 0.084375 0.178125
0 0.4953125 0.86796875 0.08671875 0.1734375
0 0.6203125 0.475 0.0578125 0.18984375
0 0.728125 0.46875 0.08671875 0.178125
0 0.82578125 0.47109375 0.09375 0.1734375
0 0.9203125 0.47265625 0.09609375 0.18984375
0 0.58046875 0.8734375 0.07421875 0.18515625
0 0.671875 0.8703125 0.0890625 0.16796875
0 0.7703125 0.8734375 0.09375 0.17578125
0 0.8734375 0.86796875 0.103125 0.178125
0 0.9625 0.87109375 0.07421875 0.18515625