0 0.5953125 0.88125 0.15625 0.0984375
0 0.6 0.7546875 0.18984375 0.10546875
0 0.5890625 0.634375 0.196875 0.1109375
0 0.6078125 0.50390625 0.196875 0.103125
0 0.6 0.38359375 0.2046875 0.11328125
0 0.60078125 0.24375 0.21171875 0.12734375
0 0.5828125 0.11640625 0.21875 0.11796875
0 0.165625 0.05390625 0.15859375 0.0984375
0 0.025 0.0515625 0.05 0.103125
0 0.1421875 0.30859375 0.2015625 0.11328125
0 0.15 0.43359375 0.2046875 0.1078125
0 0.15 0.55859375 0.2046875 0.1078125
0 0.1515625 0.68984375 0.1875 0.115625
0 0.1515625 0.81953125 0.1921875 0.10078125