0 0.33846108812058534 0.88828125 0.21057496801399936 0.103125
0 0.5976360934515854 0.87109375 0.2200045120146356 0.1078125
0 0.8848029990551225 0.8734375 0.230394001889755 0.12265625
0 0.6358873347389966 0.5328125 0.17932496801399936 0.103125
0 0.347660628739633 0.5375 0.22703576201463563 0.1078125
0 0.07584926340704207 0.54296875 0.1403533746817266 0.1109375
0 0.017412791454448972 0.8921875 0.01528974001431752 0.10546875
0 0.08592950401813552 0.13359375 0.12625451201463572 0.1078125
0 0.2711493886855446 0.1390625 0.1935329186823629 0.115625
0 0.5448414273551808 0.1609375 0.24224313868554467 0.1390625
0 0.7848851720241807 0.178125 0.20591474001431748 0.10546875
0 0.9695067980088291 0.1828125 0.060986403982341744 0.10546875