0 0.26601032407830366 0.8844631699554565 0.21658620248167448 0.10556129869508979
0 0.5265871911585827 0.8642575685869127 0.22628898441265974 0.11035788669636233
0 0.81548580019309 0.8632377718810055 0.24138946052744634 0.12536526869827114
0 0.5924296205113484 0.5254854225811858 0.18533620248167448 0.10519767202418073
0 0.3038205885803632 0.5335273786203203 0.23332023441265975 0.11043970269731673
0 0.05248658958876934 0.5421596806572276 0.10497317917753868 0.11255563868554468
0 0.07503321496692165 0.132611957988546 0.1325389844126597 0.1092670066836356
0 0.2598070527141056 0.13592621996341075 0.20027278763096837 0.11786130402608971
0 0.5317149037028412 0.15461948659295793 0.2503491972858944 0.1418624253659985
0 0.7703567866225622 0.16901615189373217 0.2120625934471672 0.10785050469445326
0 0.955966504691577 0.17154007320182424 0.0698750934471672 0.10619600334181775