0 0.05315369097169592 0.80078125 0.07268404195808598 0.1390625
0 0.0652138503180287 0.6078125 0.08080561416679297 0.1921875
0 0.0714113916869395 0.0796875 0.0876414214465812 0.15859375
0 0.1806364007621258 0.10546875 0.08532494252382002 0.16328125
0 0.3403285215682182 0.31953125 0.17679027985783763 0.1734375
0 0.26478310002344113 0.41328125 0.14001244252382 0.16328125
0 0.30897748585664814 0.60546875 0.09715732201231528 0.1828125
0 0.21373316354974525 0.59375 0.09007152985783759 0.1734375
0 0.2257417632785988 0.8125 0.08772777985783753 0.1734375
0 0.3293207603517326 0.86875 0.09251072862817349 0.18984375
0 0.23333557377984082 0.984375 0.06971305718159237 0.03125
0 0.5437918056294683 0.9328125 0.08984427088084708 0.134375
0 0.5305121182720096 0.5296875 0.09245618647369583 0.18046875
0 0.5424889017440844 0.75390625 0.08536584913967822 0.1703125
0 0.5278057956705192 0.3234375 0.0947726653964569 0.17578125
0 0.5265892501963917 0.1296875 0.08030109923787414 0.10546875
0 0.5263716024593281 0.0328125 0.08240849990180407 0.06484375
0 0.8416046752572102 0.36875 0.09697551483072289 0.1515625
0 0.8627837419067724 0.62265625 0.09484084308955402 0.1875
0 0.8795434741491832 0.83046875 0.10183118647369582 0.18046875
0 0.8405790273237548 0.1421875 0.09710277985783762 0.1734375