0 0.10912889419527708 0.8014539593411815 0.08078652991878958 0.1398988413430903
0 0.10770039481358591 0.6086124786759995 0.09200343460686651 0.19311474801081766
0 0.07698160703211539 0.08052384134309046 0.09688189928940609 0.15960281401177218
0 0.18800874460132916 0.10757778469127159 0.09483853793835406 0.164263042011454
0 0.36266399290328616 0.3235129620464524 0.18689563001107468 0.1754829000238626
0 0.2936717658822454 0.4163902580362711 0.14952603793835398 0.16489938868554463
0 0.351300200489112 0.609105016709089 0.10780890730897053 0.18393065201304495
0 0.255236728866742 0.5962772053628168 0.10017688001107458 0.17447383601209018
0 0.28253611581764704 0.815181746697953 0.09783313001107459 0.17444656401177233
0 0.3900470296050226 0.8726408053787253 0.10357199028239243 0.1909073580124086
0 0.3021441162790723 0.9855636046805334 0.07153384099298643 0.02887279063893331
0 0.6089960911406447 0.9357487853675893 0.09767364126984149 0.1285024292648213
0 0.5675376673311199 0.5358964254057694 0.10297121298449667 0.1815323580124085
0 0.5951875077057974 0.7602697167409056 0.09528912091177606 0.1712942920114539
0 0.5504143167774095 0.3296009720719058 0.10501457433554862 0.17687213001272672
0 0.5356545026208936 0.13582370007158762 0.08644624460132917 0.1063959980108177
0 0.5286652205426356 0.03893960940481489 0.08618662631044671 0.06579827001113585
0 0.8673805737172398 0.37856792011454016 0.10580631631598436 0.15268065201304495
0 0.9063078755352546 0.6327377994509492 0.10576554595791876 0.1885908800127268
0 0.9375938556386142 0.8407593847867216 0.11234621298449668 0.1816414460136812
0 0.8505180390180882 0.15197814811422203 0.10720813001107458 0.17455565201304485