0 0.7073321996083035 0.934787697247004 0.15813365394404783 0.08848233935390795
0 0.8072809649556432 0.7162456878978685 0.0957063541538293 0.18142327001113578
0 0.5748101618414323 0.6305916405951851 0.08970480788809568 0.1743283853437269
0 0.49705201474586164 0.6260228666056846 0.09535115664334022 0.17673577001113577
0 0.422454756447492 0.6425296612826388 0.08736105788809567 0.17430111334340861
0 0.3312736493938776 0.6568836099618199 0.08264932448483515 0.14302384134309049
0 0.24428221225635074 0.6336557426400466 0.09259300954776961 0.17123974801081765
0 0.16316226682045412 0.625998331317637 0.08929041079252506 0.16885963534372692
0 0.08017216806520959 0.6246181919955457 0.07834125539858472 0.1788795253421359
0 0.021760291291356138 0.20461477466581823 0.02628184793005195 0.19232386000159085
0 0.08150214419578557 0.1984460433243186 0.08409434793005195 0.1929965693427723
0 0.15654968838692673 0.20851992998090996 0.08320635415382927 0.18127781934277232
0 0.23936218838692672 0.2075563193030014 0.08988240664334021 0.17667213534372675
0 0.32151183755708973 0.20816429929186553 0.09112559793005195 0.19307838534372676
0 0.9778783914964932 0.3043434825350515 0.04424321700701341 0.1913340720082723
0 0.9905461800885569 0.5160167792011879 0.018907639822886325 0.15218066534054522
0 0.9773585498962702 0.06300029010186661 0.04528290020745942 0.12600058020373323