0 0.6030355874944939 0.9421875 0.15459078547936259 0.08671875
0 0.727026192118483 0.725 0.08833335761921397 0.18046875
0 0.5043277913001762 0.63671875 0.08261907095872498 0.1734375
0 0.42717501425833426 0.63125 0.08816966651222131 0.17578125
0 0.3508481272350257 0.646875 0.08027532095872499 0.1734375
0 0.25819683576521346 0.66015625 0.07684029691210785 0.1421875
0 0.17388632315134167 0.6359375 0.08563494355406327 0.1703125
0 0.0937176735141614 0.62734375 0.08242809800056701 0.16796875
0 0.023259512550258227 0.625 0.046519025100516455 0.178125
0 0.00415859884400276 0.2046875 0.00831719768800552 0.1921875
0 0.059449377952815886 0.19921875 0.07624258538669526 0.1921875
0 0.1332861820364999 0.21015625 0.07583335761921384 0.18046875
0 0.2160986820364999 0.21015625 0.0827009165122213 0.17578125
0 0.29807536833416903 0.21171875 0.08327383538669526 0.1921875
0 0.9585093821291671 0.315625 0.06759427168436431 0.190625
0 0.9550222504633361 0.52734375 0.05841767912609299 0.1515625
0 0.9749429470974423 0.06875 0.05008682395394999 0.13671875