0 0.6359375 0.9421875 0.1515625 0.08671875
0 0.75234375 0.725 0.08203125 0.18046875
0 0.5265625 0.63671875 0.0765625 0.1734375
0 0.44921875 0.63125 0.08203125 0.17578125
0 0.3734375 0.646875 0.07421875 0.1734375
0 0.28125 0.66015625 0.071875 0.1421875
0 0.19609375 0.6359375 0.0796875 0.1703125
0 0.115625 0.62734375 0.0765625 0.16796875
0 0.0328125 0.625 0.06484375 0.178125
0 0.00625 0.2046875 0.01171875 0.1921875
0 0.06640625 0.19921875 0.06953125 0.1921875
0 0.140625 0.21015625 0.06953125 0.18046875
0 0.2234375 0.21015625 0.0765625 0.17578125
0 0.30546875 0.21171875 0.0765625 0.1921875
0 0.96953125 0.315625 0.0609375 0.190625
0 0.9734375 0.52734375 0.053125 0.1515625
0 0.97734375 0.06875 0.0453125 0.13671875