0 0.57421875 0.61640625 0.0765625 0.165625
0 0.7765625 0.6578125 0.08671875 0.17578125
0 0.78515625 0.88359375 0.0890625 0.18984375
0 0.484375 0.8640625 0.0796875 0.18515625
0 0.484375 0.6578125 0.06953125 0.17578125
0 0.47578125 0.39453125 0.14453125 0.15859375
0 0.7546875 0.3953125 0.09140625 0.17578125
0 0.75234375 0.1890625 0.09140625 0.1703125
0 0.62109375 0.03515625 0.07421875 0.06953125
0 0.76328125 0.025 0.0828125 0.05
0 0.9890625 0.10546875 0.021875 0.178125
0 0.4375 0.0875 0.071875 0.175
0 0.2359375 0.06953125 0.134375 0.1390625
0 0.103125 0.21015625 0.14921875 0.146875
0 0.01171875 0.21640625 0.0234375 0.1203125
0 0.02421875 0.6 0.0484375 0.18046875
0 0.09140625 0.58515625 0.071875 0.165625
0 0.1671875 0.5953125 0.06484375 0.17578125
0 0.24296875 0.58984375 0.0765625 0.19453125
0 0.321875 0.57421875 0.0765625 0.1828125
0 0.34609375 0.7859375 0.071875 0.15390625
0 0.25703125 0.78359375 0.071875 0.16796875
0 0.17890625 0.790625 0.06484375 0.16796875
0 0.09765625 0.7953125 0.06484375 0.16796875
0 0.0265625 0.8296875 0.053125 0.1390625