0 0.6504261781467383 0.46738942867505584 0.1558612065847754 0.06808290036934235
0 0.8104687678801816 0.46255141686939505 0.14876176042484132 0.06569824375348396
0 0.9556154042951341 0.41247362793637105 0.08876919140973172 0.14503576492891881
0 0.5151191639609733 0.4361399495559029 0.06606893236988043 0.1230198643631848
0 0.43246578833415283 0.44209048858712263 0.0735775554894186 0.139467020979043
0 0.35652541396097337 0.43706262100248405 0.07530754005001246 0.11838690651766245
0 0.28304244985435073 0.43592736787922615 0.06861727084968257 0.13006474990180408
0 0.2026191639609734 0.43795802137182643 0.07585310932948461 0.13713690651766247
0 0.13159361012090742 0.44071538270994903 0.06841268236988048 0.12303349990180412
0 0.056198805027200205 0.45443751512531055 0.07096102084968252 0.13007838544042355
0 0.10800431208682919 0.7041784398915414 0.07799227084968252 0.13011929205628192
0 0.27020879539378173 0.6930767925472612 0.07166571450233405 0.15429713544042353
0 0.3466803671805364 0.68950636495236 0.06647810932948461 0.1370823643631848
0 0.42806675950040446 0.6937211662802197 0.06854907468974858 0.12772099990180408
0 0.4960582415537157 0.6941069856602564 0.06572795157021041 0.1113011143631848
0 0.5740468492338477 0.6889649677062755 0.0684808785298145 0.12537724990180407
0 0.6560780992338477 0.6884877238545956 0.0778558785298145 0.1254317920562819
0 0.7295837953937817 0.6904042269778536 0.0661371285298145 0.1253636143631848
0 0.8052286530739139 0.6852758445624921 0.08318823620994645 0.1207761083130606
0 0.8927741171805363 0.6863292844540335 0.09042407468974858 0.12784826492891882
0 0.9696055982445693 0.6819457906023535 0.06078880351086156 0.13007838544042372
0 0.05727820104148494 0.8943494428184076 0.06654630548941862 0.1394261143631848
0 0.2805338446149942 0.8867995214700223 0.07116560932948461 0.1371096354404237
0 0.35026968309479634 0.8934262504909792 0.07116560932948453 0.1371096354404237
0 0.4383463446149943 0.8858813952029809 0.07835598370266399 0.14261929205628193
0 0.523889039521287 0.8986672206331416 0.06600073620994636 0.12067611436318444
0 0.5930565766683056 0.8857626996540988 0.08047241316955045 0.1348204275949012
0 0.6728350048815509 0.8884240913410384 0.07096102084968266 0.13007838544042372
0 0.7445508805083716 0.8825371848233757 0.07578491316955063 0.13479315651766227
0 0.8241474522951261 0.8789485765103153 0.07585310932948479 0.13713690651766228
0 0.9019769356020788 0.8683378085563345 0.06813989773014413 0.11365849990180407
0 0.9686963863151921 0.8780395406023536 0.06260722736961596 0.13719599385167988