0 0.0765625 0.89921875 0.0671875 0.14921875
0 0.1984375 0.89453125 0.1078125 0.134375
0 0.31484375 0.90390625 0.0765625 0.15390625
0 0.459375 0.9078125 0.071875 0.13671875
0 0.5484375 0.890625 0.071875 0.1421875
0 0.69453125 0.89921875 0.08203125 0.14453125
0 0.86796875 0.890625 0.08671875 0.1703125
0 0.9390625 0.89765625 0.06953125 0.1609375
0 0.03828125 0.396875 0.0765625 0.1296875
0 0.1203125 0.38828125 0.0671875 0.12734375
0 0.19453125 0.40390625 0.071875 0.15390625
0 0.27890625 0.3921875 0.0671875 0.14921875
0 0.35546875 0.3953125 0.071875 0.1515625
0 0.43515625 0.39453125 0.0765625 0.15390625
0 0.51796875 0.39296875 0.0796875 0.15625
0 0.5984375 0.39296875 0.071875 0.1421875
0 0.66796875 0.40234375 0.0765625 0.17578125
0 0.75234375 0.39921875 0.0671875 0.14921875
0 0.9109375 0.39765625 0.09609375 0.15625
0 0.984375 0.39453125 0.03125 0.115625
0 0.06875 0.68359375 0.07421875 0.1515625
0 0.146875 0.6859375 0.0671875 0.12734375
0 0.234375 0.68125 0.07421875 0.15625
0 0.3109375 0.69453125 0.06953125 0.1390625
0 0.3859375 0.69375 0.07421875 0.1421875
0 0.4640625 0.6890625 0.0671875 0.1421875
0 0.5375 0.6890625 0.06953125 0.1421875
0 0.6265625 0.6828125 0.084375 0.1296875
0 0.69921875 0.67890625 0.0625 0.1515625
0 0.78359375 0.68515625 0.071875 0.14453125
0 0.86328125 0.6859375 0.071875 0.1515625
0 0.94375 0.68046875 0.06953125 0.14453125