0 0.0399221436901277 0.8978823465914335 0.07326769813656439 0.15039151217486477
0 0.16198814467871087 0.8910675105533068 0.11328786167271768 0.13625687418757337
0 0.27801239270154454 0.8984106319015066 0.08283369912514757 0.15524265340856686
0 0.4223844752110586 0.8997940795486 0.07744586216700924 0.13797333279171548
0 0.5121473121691968 0.8810519878284306 0.07766869665368965 0.14344208279171583
0 0.6578908936901277 0.8870956619365739 0.0879204471479813 0.14596311079489296
0 0.8316785621691969 0.8754745491130862 0.09365845258518882 0.17182618141174394
0 0.902485810686322 0.8812648530908458 0.07608895060802254 0.16215117248328995
0 0.03151663165434591 0.39620679829571664 0.06303326330869181 0.13102390340856668
0 0.10449125144569371 0.38618118750082386 0.07237636018984292 0.1285165121748646
0 0.1780733314837498 0.4005106944006827 0.07814619912514757 0.15516083279171564
0 0.26292583395520774 0.3873191732973643 0.07326769813656445 0.1503915121748646
0 0.339360999962819 0.3891077698887977 0.07805069863085592 0.15281708279171563
0 0.41908033346091617 0.3869355694023303 0.08283369912514757 0.1552426534085667
0 0.5019565004571106 0.38392757183796233 0.08605419961943923 0.15764095048646726
0 0.5824252504571106 0.38252298458201983 0.07766869665368965 0.14344208279171564
0 0.6515744984799442 0.39068431209872967 0.08372503707186904 0.1771176534085666
0 0.7360768324723329 0.3860865409954113 0.07326769813656427 0.1503915121748646
0 0.8947342494685273 0.38175577679195183 0.10246044961943923 0.15792732264544593
0 0.9682990834609161 0.37734892046128576 0.035961357718385045 0.11617047077900686
0 0.04089568916495372 0.682393714286185 0.08039444863085597 0.15285799310014117
0 0.11892518867066212 0.683373787338668 0.07237636018984292 0.1285165121748646
0 0.20661618965924533 0.677158969157449 0.08058544961943914 0.15754549310014115
0 0.282637520191593 0.6891038157488824 0.0751976126613008 0.1402761724832901
0 0.35766935368969016 0.687013435879266 0.08001244665368965 0.14348299310014098
0 0.4359853546782733 0.680962258931749 0.07298119665368966 0.14336026217486458
0 0.5094228546782734 0.6796804026010831 0.07532494665368965 0.14340117248329012
0 0.5987400226630509 0.6718758108809137 0.08965936068413445 0.1311602711033185
0 0.671555440153537 0.6667013413197228 0.06867569863085592 0.15265344155801372
0 0.7556757721687593 0.6714785702164046 0.0777641971479813 0.14578583279171564
0 0.8353314386706622 0.6708688697299372 0.07805069863085592 0.15281708279171563
0 0.9160230231573425 0.6639955324739947 0.07542044714798095 0.14574492248329013