0 0.031064111576340824 0.8983278646562731 0.06212822315268165 0.15000054734245438
0 0.1463369876928664 0.8922222206397284 0.11563895250377901 0.13562951201463563
0 0.26219720612283537 0.9002427112905927 0.08552651827467717 0.1547971353437269
0 0.40650094296865574 0.9024671879376391 0.0798379603962868 0.13755509134309066
0 0.496564500847046 0.884243351925549 0.08015647881213823 0.14302384134309065
0 0.6421577219078508 0.8911371472390499 0.09044923670464602 0.14548577001113613
0 0.816095750847046 0.8805252692155054 0.09663832352223167 0.17132156401177207
0 0.8867799771695226 0.8867292685391878 0.07890479195220053 0.1617465693427725
0 0.02861194094736604 0.3964295573281366 0.05722388189473208 0.13057838534372673
0 0.09769769247454552 0.3868812873170008 0.07460442882625569 0.1281255473424542
0 0.171006389857827 0.40164267397359216 0.08083901827467713 0.15474259134309049
0 0.25606392932036587 0.3889421319621381 0.07587850248966159 0.1500005473424541
0 0.3324444187970222 0.3911762466184113 0.08070251038216938 0.15239884134309048
0 0.41217742142785807 0.38946774860759364 0.08552651827467717 0.15479713534372674
0 0.49508092668953 0.3869416379296851 0.08878802616718495 0.15717724801081764
0 0.57554967668953 0.3860052992520947 0.08015647881213823 0.14302384134309049
0 0.6445348951194989 0.39457122990932236 0.08680059193808294 0.17667213534372675
0 0.7290919056428425 0.39046443789786833 0.07587850248966141 0.15000054734245422
0 0.8877766609045145 0.38705653254300565 0.10519427616718495 0.15736815201304485
0 0.961396171427858 0.3830770098663698 0.03798438936371688 0.11598862667090888
0 0.03522916410482536 0.6827937713240004 0.07045832820965071 0.1524261133434086
0 0.10692369012605826 0.6842284546467281 0.07460442882625569 0.12812554734245402
0 0.1946967059110738 0.6785227999681833 0.08331927616718496 0.1571136133434088
0 0.27048566118686307 0.6909131646244565 0.07763071828879457 0.13987156934277234
0 0.34553116381769905 0.6892592106142751 0.08250022881213823 0.14305111334340861
0 0.4239291796027146 0.6836626439370029 0.07546897881213828 0.14296929734245403
0 0.49736667960271463 0.6828081212603669 0.07781272881213823 0.14299656934277233
0 0.5867932006494019 0.6755217852482767 0.0919284367187636 0.1306692920114539
0 0.6596769638035817 0.6707701032384135 0.07132751038216938 0.15228975334181777
0 0.7436879427568941 0.6760383112269595 0.0802929867046462 0.14536759134309046
0 0.8233299401260583 0.6758923132161417 0.08070251038216938 0.15239884134309029
0 0.9041172085419099 0.6694872245385513 0.07794923670464585 0.14534031934277217