0 0.25 0.8684262662320543 0.15390625 0.07221769358660843
0 0.25 0.7817075162320544 0.15390625 0.07221769358660843
0 0.240625 0.7002938749983524 0.14453125 0.06267905235290652
0 0.2390625 0.611204101459402 0.1515625 0.08233303327818291
0 0.2390625 0.533079101459402 0.12265625 0.06932847280760157
0 0.49296875 0.6296985515388323 0.115625 0.2012369918823252
0 0.0609375 0.8307511680190632 0.06953125 0.16449492248329028
0 0.13828125 0.8289762081971052 0.06953125 0.15980742248329002
0 0.13125 0.6569784772718286 0.06484375 0.15738185186643924
0 0.046875 0.6547244561685102 0.06953125 0.1598074224832901
0 0.06484375 0.5058193518664391 0.1296875 0.06945120373287814
0 0.1203125 0.29897506249917616 0.0671875 0.11445401217486459
0 0.23671875 0.3361631911509765 0.1515625 0.084676783278183
0 0.23671875 0.2502256911509765 0.13671875 0.07660518465815472
0 0.03984375 0.30225797524323367 0.07421875 0.15754549310014115
0 0.03515625 0.11467615462638266 0.06953125 0.1480886724832901
0 0.109375 0.14644039772652379 0.06953125 0.11215117248329012
0 0.21484375 0.08187511160567174 0.15625 0.07694610389503401
0 0.22734375 0.16256204991727446 0.1609375 0.084840424511885