0 0.25 0.8640625 0.15390625 0.06953125
0 0.25 0.77734375 0.15390625 0.06953125
0 0.240625 0.69609375 0.14453125 0.06015625
0 0.2390625 0.60703125 0.1515625 0.0796875
0 0.2390625 0.52890625 0.12265625 0.0671875
0 0.49296875 0.62109375 0.115625 0.19921875
0 0.0609375 0.8296875 0.06953125 0.16328125
0 0.13828125 0.8265625 0.06953125 0.15859375
0 0.13125 0.6546875 0.06484375 0.15625
0 0.046875 0.65390625 0.06953125 0.15859375
0 0.06484375 0.5046875 0.1296875 0.0671875
0 0.1203125 0.296875 0.0671875 0.11328125
0 0.23671875 0.33203125 0.1515625 0.08203125
0 0.23671875 0.24609375 0.13671875 0.07421875
0 0.03984375 0.3015625 0.07421875 0.15625
0 0.03515625 0.1140625 0.06953125 0.146875
0 0.109375 0.14453125 0.06953125 0.1109375
0 0.21484375 0.078125 0.15625 0.07421875
0 0.22734375 0.15859375 0.1609375 0.08203125