0 0.85703125 0.6234375 0.11796875 0.18515625
0 0.73046875 0.75703125 0.115625 0.15859375
0 0.8609375 0.1078125 0.1203125 0.16796875
0 0.56015625 0.0328125 0.15390625 0.06484375
0 0.57421875 0.1109375 0.1828125 0.0765625
0 0.3390625 0.03515625 0.23046875 0.06953125
0 0.3421875 0.20703125 0.21875 0.0671875
0 0.55625 0.2015625 0.18984375 0.071875
0 0.57578125 0.28359375 0.19921875 0.0671875
0 0.3390625 0.28515625 0.2015625 0.06953125
0 0.58046875 0.36640625 0.18515625 0.06953125
0 0.56015625 0.4515625 0.21171875 0.09140625
0 0.353125 0.3703125 0.21640625 0.0765625
0 0.34609375 0.4578125 0.196875 0.07421875
0 0.34609375 0.53828125 0.178125 0.071875
0 0.54921875 0.53984375 0.21875 0.06484375
0 0.546875 0.62890625 0.17578125 0.06953125
0 0.35 0.6296875 0.2046875 0.071875
0 0.33203125 0.7140625 0.21171875 0.0671875
0 0.5484375 0.7203125 0.2015625 0.06484375
0 0.3171875 0.80625 0.2015625 0.06953125
0 0.5375 0.80546875 0.19453125 0.071875
0 0.55546875 0.89453125 0.196875 0.071875
0 0.3234375 0.8921875 0.2140625 0.0671875
0 0.56015625 0.97109375 0.21171875 0.0578125
0 0.33515625 0.971875 0.2046875 0.05625