0 0.8860683182352371 0.6184514380448297 0.126592540942044 0.18584257211051103
0 0.765728047142788 0.7527815071302786 0.1230116226212445 0.15926643657189174
0 0.8659589478903043 0.10280371214713062 0.12813577026387968 0.16866870764913058
0 0.5616845167492229 0.03121159072731411 0.15692639619489307 0.06242318145462822
0 0.579385747104516 0.10759679303824048 0.18637845574818712 0.07762607201231528
0 0.34069992865988186 0.034309840530922384 0.23370722001621064 0.06861968106184477
0 0.3518301354415261 0.20504046136156368 0.22187930810555195 0.06846015027114645
0 0.5656379243166556 0.1983263321676561 0.19319138192686935 0.07297947862817358
0 0.5889898411897131 0.28024395267916086 0.20234805810555195 0.06834652078265124
0 0.352343865796819 0.28318364207972296 0.20480097001621064 0.0707039063212707
0 0.5975343953663236 0.363029181601922 0.18839472001621066 0.07060845755093474
0 0.5811881114535928 0.448303606269957 0.21597606451569273 0.09263799365528821
0 0.3703725818840882 0.36825807884800643 0.21997220574818704 0.07782151473252696
0 0.36741670988201625 0.4557989854638647 0.20033179383752825 0.07536413524403188
0 0.37116460214796787 0.5362677354638647 0.18147263192686944 0.07291130093507654
0 0.5743623767550737 0.5366484887835143 0.22177014619489305 0.0661164002711466
0 0.5761667793601075 0.6257246243221338 0.17901972001621083 0.0705539153964569
0 0.37932816666366054 0.6276512595661656 0.20803513192686945 0.07306583703942984
0 0.36528924544737684 0.7121307986955812 0.21484805810555177 0.06841924365528822
0 0.5819865938758003 0.7171217839630541 0.20458264619489305 0.06601640632127079
0 0.3547391972666224 0.8044046571068375 0.20480097001621064 0.07070390632127052
0 0.5750153099630696 0.8023416664766115 0.19787888192686937 0.07300674970541224
0 0.5971322125681034 0.8912996273471959 0.20022263192686934 0.07302038524403187
0 0.3649918006574446 0.890305795670519 0.21719180810555186 0.06843287919390732
0 0.6053856683162904 0.9678348562699572 0.21441141046291676 0.059044243655288396
0 0.3804220556198433 0.9699251179774219 0.2073073858558109 0.05744083703943019