0 0.03984375 0.23203125 0.0796875 0.19453125
0 0.21875 0.2390625 0.0625 0.1703125
0 0.30078125 0.2703125 0.08203125 0.2328125
0 0.3921875 0.259375 0.0625 0.22109375
0 0.4734375 0.259375 0.0765625 0.22109375
0 0.553125 0.2640625 0.0671875 0.22109375
0 0.1671875 0.68359375 0.1515625 0.0984375
0 0.1765625 0.80625 0.1421875 0.0796875
0 0.18046875 0.9359375 0.14921875 0.0890625
0 0.53359375 0.6265625 0.15859375 0.0984375
0 0.7296875 0.62265625 0.1609375 0.09609375
0 0.92265625 0.61796875 0.1546875 0.0984375
0 0.634375 0.2640625 0.071875 0.21640625
0 0.7140625 0.2609375 0.0765625 0.21875
0 0.7984375 0.2609375 0.071875 0.21875
0 0.88671875 0.25234375 0.0765625 0.21171875
0 0.9671875 0.259375 0.06484375 0.20703125