0 0.6403861552923251 0.4844111452875966 0.2024580005042031 0.15022964529089186
0 0.8025412199106002 0.2572737211794533 0.10823238912390706 0.24222050202859488
0 0.8229568987591627 0.06599020210472985 0.08377370248167457 0.10446140340856666
0 0.6420757973430986 0.9361099748353727 0.08612280632040167 0.12778005032925463
0 0.7255003025388786 0.9716017578099254 0.08689334864294729 0.05679648438014908
0 0.08970638170301992 0.41679380803494925 0.17941276340603984 0.1212006643656153
0 0.2945048447845494 0.2851694813290183 0.09153656202038504 0.24895174310014118
0 0.3903800734972259 0.2899718039744642 0.1033863519971419 0.2733477711033183
0 0.4846928022099025 0.29474685308095977 0.10921573491686284 0.2562830020285949
0 0.44300986665295056 0.8860779613417566 0.09852960719292199 0.2278440773164867
0 0.3464080182621049 0.881329640826665 0.0982946604112307 0.23734071834666998
0 0.24629875761844316 0.8850603871732169 0.10048559110137863 0.19838868141174393
0 0.1495330182621049 0.8796114078727936 0.09829466041123065 0.2407771842544129