0 0.6734375 0.47265625 0.1921875 0.146875
0 0.81953125 0.24296875 0.09140625 0.240625
0 0.8265625 0.0515625 0.0765625 0.103125
0 0.70703125 0.92890625 0.0765625 0.13671875
0 0.79296875 0.96484375 0.08203125 0.06953125
0 0.11171875 0.41484375 0.18515625 0.11796875
0 0.3140625 0.2796875 0.07421875 0.24765625
0 0.41015625 0.2828125 0.084375 0.271875
0 0.5046875 0.2859375 0.09140625 0.2546875
0 0.5046875 0.88203125 0.08203125 0.2359375
0 0.4078125 0.878125 0.08125 0.24375
0 0.3078125 0.8796875 0.08671875 0.196875
0 0.2109375 0.878125 0.08125 0.24375