0 0.04552884497976013 0.1921875 0.09105768995952027 0.1921875
0 0.7132647241078608 0.47734375 0.22332571460846395 0.13203125
0 0.07546931648765878 0.8109375 0.11654452736247722 0.30078125
0 0.1764143407979183 0.8078125 0.09640244572527146 0.27421875
0 0.2747666316165212 0.79453125 0.11293152645796614 0.2765625
0 0.3790004302370402 0.78828125 0.10577744572527141 0.27421875
0 0.48266434079791826 0.8078125 0.11280869572527141 0.27421875
0 0.5908895985998344 0.81484375 0.1075889292169279 0.2640625
0 0.6983712279530481 0.80625 0.12567718792335542 0.28125
0 0.8072139614447046 0.81640625 0.11737336499257686 0.271875
0 0.9123894623492159 0.7921875 0.10758228516439346 0.29375