0 0.06061758538669526 0.19312843709378674 0.09108633538669526 0.19366027110331832
0 0.7549504610620765 0.49023049715403566 0.22101688284695734 0.13580863514462216
0 0.14628731150971416 0.8129966521907507 0.11128476269868974 0.3025403932622968
0 0.24695943410505244 0.8116307954530477 0.09160717975906518 0.2756506107948929
0 0.3441518926352402 0.8000541416374439 0.10809527531256151 0.2782807329538713
0 0.44783988782591677 0.7956178319776415 0.10098217975906518 0.2758142520285947
0 0.5532094341050524 0.8169764090873143 0.10801342975906518 0.27593698295387126
0 0.6620487207655413 0.8259031700443629 0.10297126569391465 0.26569891233702025
0 0.7687798704027216 0.8191776574624612 0.12075896641955416 0.28318642126547394
0 0.8785095344678722 0.831243055188985 0.11261908420556885 0.2736750535707224
0 0.9651736545313216 0.8088379955291826 0.06965269093735671 0.29535913879807013