0 0.506456872296052 0.6913191747294516 0.13929064234957594 0.1148175726845901
0 0.5014911651716515 0.5772839467297699 0.15927247532299765 0.1220760893539083
0 0.5054195966961991 0.46803621606458795 0.16236719694536764 0.13382211135422625
0 0.4822441101144344 0.3865771307288154 0.10853199568106327 0.08557496801399936
0 0.471999420108897 0.299803836728179 0.17348516964747168 0.12458347135581711
0 0.4410417119047624 0.20654418539145186 0.14178458667404978 0.11718859468490825
0 0.44990796730343324 0.10125724872690631 0.14442872532299772 0.12190336668522642
0 0.4393523966685124 0.03399702339272454 0.16199815468807693 0.05497040535486265
0 0.7333224421650056 0.05303102343249544 0.15836201495939478 0.07132211135422631
0 0.8949410626153563 0.05335029145444897 0.14978805135658924 0.08371302335295365
0 0.7468923912698416 0.14296568010022265 0.15916305135658923 0.0838221113542263
0 0.9080802151439649 0.14874460745540347 0.15432535703211556 0.08142381735358999
0 0.9089999699243269 0.23619006345476712 0.1538247092838688 0.07361131735358999
0 0.7526999051495022 0.2335906801002227 0.16370035703211538 0.08153290535486268
0 0.7636257156053903 0.3188105647676317 0.15681930135658922 0.08379483935390812
0 0.9188349188376712 0.32452585745540347 0.16233016232465758 0.07606415535486262
0 0.9372885786152644 0.41069971479149425 0.1254228427694713 0.0711221166852265
0 0.7646956647102262 0.4085997707669954 0.16100615360834264 0.07603688335454453
0 0.7705031785898868 0.49922477076699534 0.1561684592838688 0.07363858935390813
0 0.9243344744739762 0.5011519921228125 0.15133105105204764 0.07385676535645339
0 0.7930476094961255 0.5830185154359953 0.1608559592838688 0.07369313335454457
0 0.9415536782830387 0.5888065334579489 0.11689264343392267 0.07583688868554468
0 0.9394945789613335 0.6708014207908579 0.12101084207733308 0.0759823393539083
0 0.7908924290513122 0.6712088587682681 0.14694365360834283 0.07587325135263541
0 0.8019684338316742 0.7587724934356771 0.15118057063492074 0.06889654535327186
0 0.9468605444144528 0.7544769867918124 0.10627891117109449 0.07592779535327168
0 0.9436470328857522 0.8457832394573124 0.11270593422849551 0.08147836135422608
0 0.8081566795127374 0.8431565841024498 0.15412509793281687 0.07829881735358982
0 0.8150260456441515 0.9259872654359953 0.15133076495939476 0.07124029535327167
0 0.9453413662444641 0.9301855114576307 0.10931726751107185 0.07143119935549898