0 0.47048160542645034 0.6832467537124332 0.13334939668204485 0.11404938534222779
0 0.4714981180776328 0.5691706181738138 0.15296246268299923 0.12119426483072289
0 0.48116292472945166 0.45973198566025636 0.1554425726845901 0.13292665036934234
0 0.46224874538508853 0.378586524789672 0.10410679201145409 0.08497496369925477
0 0.4565521813733164 0.29189504586691084 0.16705223468331737 0.12361982806243947
0 0.43047039202736237 0.19907174161218474 0.13572041868236298 0.11640677088084712
0 0.44486815201304486 0.09351208802138858 0.13811871268299925 0.12110790641946653
0 0.43783635467059073 0.02669239259049882 0.15921191534054505 0.05338478518099764
0 0.7309869180060452 0.04028150713027871 0.15471531934277233 0.07042665036934234
0 0.8926874866724998 0.0396071045364853 0.14548577001113577 0.0792142090729706
0 0.7398448446849082 0.13007980533488062 0.1548607700111358 0.08292665036934235
0 0.9008277980187719 0.13304974834968 0.15014599801081766 0.08055562929210351
0 0.8971584526973168 0.22057701942691885 0.15005509134309064 0.07274312929210351
0 0.7408993620305442 0.22070480533488063 0.15952099801081765 0.08061017144658118
0 0.7473589947087709 0.305829239078102 0.1525170200111358 0.08291301483072289
0 0.9028731980426343 0.30883099834968003 0.1594573633434088 0.07514142144658127
0 0.9241856713876337 0.394650323681645 0.13752781934277253 0.07032665641946653
0 0.7437169213876339 0.3957002601553408 0.15711361334340862 0.0751277859079618
0 0.7447714387332697 0.48632526015534083 0.15239884134309029 0.07275676483072288
0 0.9103964387332695 0.4853616820929013 0.17114884134309066 0.07286584913967839
0 0.7629316400779509 0.569819016205465 0.15708634134309046 0.07278403590796181
0 0.9246958434118145 0.5727844140407246 0.1399261133434088 0.075027791958086
0 0.9225253634229503 0.6548338447588838 0.15242611334340878 0.07510051483072289
0 0.7561463854232686 0.6581457180008632 0.14305111334340842 0.07504597267624522
0 0.7626332901018136 0.7456139017440844 0.1476567973424542 0.06804199375348396
0 0.9283300040479638 0.7383866881430257 0.1433399919040724 0.07507324375348397
0 0.9227912118873156 0.8298429351179635 0.1544175762253687 0.08058290036934243
0 0.7643963321132675 0.8299843565645446 0.15010963534372693 0.0774306292921036
0 0.766922442791176 0.9127877662054651 0.14768406934277217 0.07038574375348432
0 0.9221397775600539 0.914204299579344 0.15572044487989203 0.07048119252382001