0 0.15669992314106082 0.57109375 0.19416649992941282 0.07421875
0 0.30363656534737504 0.46484375 0.11679890507814523 0.19453125
0 0.28163567882625573 0.12734375 0.11693541297065302 0.196875
0 0.12070515507814521 0.19453125 0.21911329202278762 0.08671875
0 0.12505726806291562 0.3765625 0.21098227360693614 0.08125
0 0.1387396074407499 0.47734375 0.221866565700311 0.09375
0 0.9011560214396944 0.62109375 0.1976879571206112 0.103125
0 0.5535804413451508 0.79921875 0.09609229195220052 0.1609375
0 0.7575365681193853 0.3171875 0.11404563140062188 0.1875
0 0.8640595839044011 0.321875 0.09802651827467698 0.15390625
0 0.9559001137130665 0.3109375 0.0881997725738671 0.18984375
0 0.7537613078078031 0.09140625 0.09916408404557515 0.1734375
0 0.8448945420227876 0.08671875 0.08978908404557524 0.1734375
0 0.938818847270342 0.103125 0.11252092875566859 0.2015625
0 0.6552416518826119 0.7875 0.10011963929312966 0.18984375
0 0.7740070624341906 0.7609375 0.11004067086316063 0.19921875
0 0.902540857087814 0.8484375 0.11197489718563744 0.1921875
0 0.9742609720232871 0.81953125 0.051478055953425896 0.1875