0 0.1234375 0.57109375 0.18984375 0.07421875
0 0.2765625 0.46484375 0.10546875 0.19453125
0 0.27421875 0.12734375 0.10546875 0.196875
0 0.109375 0.19453125 0.2140625 0.08671875
0 0.103125 0.3765625 0.20625 0.08125
0 0.1109375 0.47734375 0.21640625 0.09375
0 0.875 0.62109375 0.21171875 0.103125
0 0.50703125 0.79921875 0.08671875 0.1609375
0 0.7390625 0.3171875 0.103125 0.1875
0 0.8453125 0.321875 0.0890625 0.15390625
0 0.94375 0.3109375 0.0890625 0.18984375
0 0.7484375 0.09140625 0.0890625 0.1734375
0 0.83984375 0.08671875 0.0796875 0.1734375
0 0.9328125 0.103125 0.10078125 0.2015625
0 0.609375 0.7875 0.0890625 0.18984375
0 0.7296875 0.7609375 0.0984375 0.19921875
0 0.853125 0.8484375 0.10078125 0.1921875
0 0.95078125 0.81953125 0.0890625 0.1875