0 0.642170361043535 0.2730793467536324 0.20526019262201595 0.10081925469445326
0 0.9310550781606353 0.2678582341263124 0.13788984367872956 0.11255563868554459
0 0.863972117290051 0.12879518678385823 0.22163917154477702 0.09632265869668045
0 0.4209897317514315 0.12129702872372465 0.20763121369925486 0.10553402669477144
0 0.10848064139235189 0.11609826201463569 0.21621587334017517 0.10407152402927138
0 0.1711912822937245 0.5558607433561353 0.21223690046753818 0.09152607069540775
0 0.45161003531878663 0.5505305427275426 0.21930905708339649 0.09863913669636233
0 0.7781543546006274 0.5512054414385406 0.19041644262201593 0.10064653202577159
0 0.9641418158885442 0.551824701463994 0.07171636822291169 0.0875823633434086
0 0.9509475754008594 0.921973569462085 0.09810484919828114 0.09729371801399936
0 0.7513297968298598 0.9086815867679497 0.195076671544777 0.09601357602640803
0 0.5300815107255064 0.8795464280712695 0.20517837939029954 0.08675675469445317
0 0.29493435108458593 0.87837263737268 0.2099613281606353 0.10321754869508978
0 0.08461901980069261 0.8485834980108177 0.15911190046753823 0.0909079053548627