0 0.5453125 0.79453125 0.1109375 0.2234375
0 0.30625 0.7984375 0.11796875 0.2015625
0 0.18046875 0.803125 0.115625 0.20703125
0 0.06015625 0.803125 0.115625 0.21171875
0 0.80546875 0.41328125 0.1109375 0.196875
0 0.57421875 0.38671875 0.09609375 0.15859375
0 0.453125 0.4125 0.103125 0.209375
0 0.33671875 0.36875 0.10078125 0.146875
0 0.225 0.39765625 0.0984375 0.19453125
0 0.1046875 0.4046875 0.11328125 0.13671875
0 0.10078125 0.1046875 0.1109375 0.19921875
0 0.221875 0.103125 0.11875 0.20625
0 0.3375 0.11328125 0.11328125 0.1875
0 0.4578125 0.109375 0.0984375 0.18046875
0 0.57578125 0.11171875 0.1078125 0.2140625
0 0.6890625 0.11328125 0.0890625 0.196875
0 0.8125 0.1140625 0.125 0.2140625
0 0.93359375 0.1140625 0.103125 0.19453125