0 0.6265625 0.50703125 0.17578125 0.10546875
0 0.74296875 0.696875 0.08671875 0.240625
0 0.73203125 0.9421875 0.0796875 0.115625
0 0.90234375 0.74765625 0.0796875 0.240625
0 0.88828125 0.12109375 0.0796875 0.228125
0 0.790625 0.13125 0.08671875 0.25703125
0 0.68515625 0.10234375 0.08671875 0.2046875
0 0.57734375 0.1234375 0.0890625 0.246875
0 0.471875 0.12109375 0.084375 0.2421875
0 0.3734375 0.1203125 0.103125 0.240625
0 0.27734375 0.11640625 0.0796875 0.2328125
0 0.171875 0.11328125 0.0984375 0.22578125
0 0.06015625 0.1203125 0.10546875 0.240625