0 0.6324623427354968 0.5106764839909268 0.17700849001431748 0.1064914153964569
0 0.7510776247612684 0.7011974657423583 0.08951867536599849 0.24112951492891882
0 0.7429945941279031 0.9442010145361353 0.08103291868236298 0.11159797092772941
0 0.9110435181014953 0.7529059323684792 0.08248742536599848 0.24108860831306042
0 0.8896903033497721 0.12626161913676265 0.08234197469763486 0.22858860831306052
0 0.7921522320178174 0.13584972169428658 0.0897095793682258 0.25753576492891883
0 0.6863471273472266 0.10632987245641237 0.08910050469445316 0.20519201492891875
0 0.5787800753500901 0.12679638767991874 0.0919351507001803 0.24739315046753818
0 0.473284053349772 0.12383903844204455 0.08719310669954403 0.24267837939029935
0 0.3748374626829992 0.12248509582002862 0.10592492536599848 0.24122496369925478
0 0.27869825934913567 0.11801978873663214 0.08239651869827132 0.2332761083130605
0 0.17319314668204475 0.11428118949875794 0.10106470269731674 0.22635394262201589
0 0.061556212682999246 0.12066247882456527 0.10826867536599849 0.2412385992378742