0 0.5806457647458616 0.6219497232179341 0.0878938541538293 0.181764243100141
0 0.5839520539626253 0.8307616615295368 0.09150502884380138 0.22942049310014098
0 0.3826873971187925 0.9414475657488823 0.11111694398600411 0.10726880357072233
0 0.2807463888204228 0.9588726193196049 0.09937396058274359 0.07585516233702023
0 0.30721103259200105 0.7816146440763712 0.19452328506757882 0.21951543344033872
0 0.32304490706754746 0.5466532629889388 0.15095088382282337 0.22109552434972918
0 0.7686454400605338 0.7594791765470704 0.10438445975755109 0.2655352711033185
0 0.8657339276129793 0.7812529906710998 0.09225039004660048 0.2083676534085665
0 0.945018685911349 0.7642234034151573 0.09186022635429084 0.234107993100141
0 0.9939986230372648 0.7659029058507892 0.012002753925470344 0.23390344155801374
0 0.9632727391083897 0.15044154708449126 0.07345452178322062 0.2535983327917156
0 0.8786013645267914 0.14581432265203648 0.099341762247062 0.26076595048646733
0 0.7957538983449705 0.17776948052483002 0.09931752884380156 0.22955686079489285
0 0.5305181394219007 0.10988623934822919 0.10400502884380139 0.21977247869645838
0 0.2404305487645333 0.3752106854722289 0.1783286773892646 0.13965065543716157
0 0.16493179606524094 0.2873482211860439 0.17746491701630243 0.15914099512873606
0 0.14491252614450914 0.13671697565027077 0.17565396328203597 0.16613133482031053