0 0.47578125 0.3109375 0.09140625 0.2671875
0 0.6 0.79296875 0.0984375 0.25
0 0.50234375 0.9109375 0.08671875 0.178125
0 0.709375 0.7984375 0.09609375 0.2546875
0 0.8265625 0.790625 0.09609375 0.2546875
0 0.95390625 0.79296875 0.0921875 0.2453125
0 0.1671875 0.96484375 0.2671875 0.06953125
0 0.15859375 0.86328125 0.2453125 0.115625
0 0.15234375 0.740625 0.2234375 0.1296875
0 0.15390625 0.43359375 0.22109375 0.1078125
0 0.1515625 0.28515625 0.196875 0.09375
0 0.1625 0.14453125 0.21875 0.1109375
0 0.634375 0.05859375 0.2015625 0.11328125