0 0.46854409935506924 0.3109375 0.09762510809187522 0.2671875
0 0.5815434474758674 0.79296875 0.10425631458888915 0.25
0 0.48114144434173534 0.9109375 0.09086465539458341 0.178125
0 0.6907911609067354 0.7984375 0.10202166736243079 0.2546875
0 0.8081604988626383 0.790625 0.10202166736243079 0.2546875
0 0.9354496974758675 0.79296875 0.09789721181534716 0.2453125
0 0.14473051244600613 0.96484375 0.2688058578075348 0.06953125
0 0.13850065587274232 0.86328125 0.24800370174736122 0.115625
0 0.13510551178041602 0.740625 0.2264560100679862 0.1296875
0 0.14381424344739546 0.43359375 0.22360311379145842 0.1078125
0 0.1449254146095484 0.28515625 0.19905705547083338 0.09375
0 0.15913599781579849 0.14453125 0.22133209897381953 0.1109375
0 0.6330112153307292 0.05859375 0.2041991503605903 0.11328125