0 0.28262164014017566 0.7064268725627204 0.058744210396286786 0.1376051400158861
0 0.3422773612009805 0.7160706538123085 0.07267020250377901 0.13550685186643924
0 0.40068910067763686 0.7202184115229462 0.06577546039628679 0.13772787094116268
0 0.46323460330847277 0.7205281030809598 0.061224468288794395 0.13998980032431163
0 0.5230191269859961 0.7145332475610727 0.06356821828879458 0.14003071063273714
0 0.5904341401401757 0.7117997597359373 0.06315869461127122 0.13299946063273715
0 0.6525246164626524 0.7199219512939509 0.05847119461127122 0.1329176400158861
0 0.7194391006776368 0.7257822134688154 0.06315869461127122 0.13299946063273715
0 0.7750443585701445 0.7244066741015527 0.06343171039628678 0.13768696063273717
0 0.8318403901401756 0.7160135215037648 0.06167949459715381 0.14780230032431163
0 0.8937943585701446 0.7264794630617784 0.06108796039628679 0.13764605032431163
0 0.9461381085701446 0.7273931266166148 0.033281478812138235 0.14262387662320536
0 0.8420105926439547 0.5816794318121904 0.12436223414439737 0.07163131249917623
0 0.8865411136200549 0.5019061570554241 0.12160896046687383 0.06455915219075052
0 0.5483207768024695 0.5218099594116258 0.1068554867046462 0.14624948295387147
0 0.8104252056287251 0.3989117962605312 0.05400350248966177 0.15000968262955983
0 0.7502689556287251 0.3978617650109431 0.063295202503779 0.13534321063273716
0 0.6931089030120067 0.41250491760873087 0.06609397881213823 0.1431966209411625
0 0.6354707082595611 0.3950759098980931 0.06288567882625565 0.12831196063273706
0 0.5080891609045144 0.4069292532431156 0.07160052616718496 0.15734094155801354
0 0.4390661451194989 0.41041671752930065 0.06343171039628678 0.13768696063273717
0 0.3793649214278581 0.4015541862797125 0.06415975248966159 0.15018696063273712
0 0.3174564556287251 0.39030699472169894 0.06770968671876343 0.13073753124958803
0 0.2524761977362174 0.39151889285525987 0.06825571828879458 0.1401125312495881
0 0.1978342003670533 0.38978306899199794 0.05933574459715381 0.147761390015886
0 0.13047239511949887 0.4050301935866084 0.05885833148532651 0.09936480032431158
0 0.06158370015529178 0.16452219602224047 0.1218819762518895 0.06924665219075066
0 0.0629102527014231 0.07461026217486462 0.11444120257436619 0.06209267126547413