0 0.3234375 0.70078125 0.05078125 0.13671875
0 0.38359375 0.709375 0.06484375 0.134375
0 0.4421875 0.7125 0.0578125 0.13671875
0 0.5046875 0.71171875 0.053125 0.1390625
0 0.5640625 0.7046875 0.05546875 0.1390625
0 0.63125 0.70078125 0.05546875 0.13203125
0 0.69375 0.7078125 0.05078125 0.13203125
0 0.7609375 0.7125 0.05546875 0.13203125
0 0.81640625 0.71015625 0.05546875 0.13671875
0 0.87265625 0.70078125 0.053125 0.146875
0 0.93515625 0.71015625 0.053125 0.13671875
0 0.9875 0.71015625 0.025 0.1421875
0 0.875 0.56640625 0.1203125 0.06953125
0 0.91484375 0.4859375 0.11796875 0.0625
0 0.578125 0.51171875 0.0984375 0.14453125
0 0.8328125 0.384375 0.0453125 0.14921875
0 0.77265625 0.384375 0.05546875 0.134375
0 0.71640625 0.4 0.0578125 0.1421875
0 0.6578125 0.38359375 0.05546875 0.12734375
0 0.53125 0.39765625 0.0625 0.15625
0 0.4625 0.40234375 0.05546875 0.13671875
0 0.40234375 0.39453125 0.05546875 0.14921875
0 0.33984375 0.384375 0.06015625 0.1296875
0 0.275 0.38671875 0.06015625 0.1390625
0 0.2203125 0.3859375 0.05078125 0.146875
0 0.15390625 0.40234375 0.053125 0.0984375
0 0.07109375 0.16328125 0.11796875 0.0671875
0 0.0671875 0.0734375 0.1109375 0.06015625