0 0.09412513625061861 0.02154718865372787 0.07634781603337353 0.04148861334340863
0 0.08201023858003928 0.08883468598822782 0.09353531603337355 0.0416886080124085
0 0.08185975237484919 0.1512983233211369 0.07634781603337353 0.04148861334340861
0 0.093796508367743 0.20659435065245518 0.08650406603337353 0.04160679201145401
0 0.0864067322484612 0.25821139465309156 0.08662689676606819 0.0439505420114541
0 0.0816473111721335 0.3043324166534097 0.09131439676606816 0.04400508601209037
0 0.08708508367337071 0.3495540099856825 0.09834564676606816 0.04408690201304486
0 0.09754122682139427 0.4033057186505462 0.09119156603337356 0.041661336012090364
0 0.1010070635469827 0.4563579933163644 0.09353531603337358 0.0416886080124085
0 0.10830058514370874 0.5257619739815463 0.0820622274987628 0.04623974801081765
0 0.1944461250578005 0.5356904099697741 0.04541539857509047 0.0918789646721816
0 0.10585725859488562 0.6319756113144555 0.05285940637700661 0.08493862133990877
0 0.18121129918634588 0.19230403664068302 0.060013487109701204 0.08736418734086326
0 0.2141732061291794 0.3082557533020469 0.04270315637700663 0.08482044267186346
0 0.33249051616965913 0.21084385662000216 0.05310506784239592 0.08962612133990877
0 0.3985326752601992 0.053139897278820694 0.06943939676606821 0.043750547342454114
0 0.4020803991409174 0.1046296719446389 0.08157090456798426 0.0368647480108177
0 0.4443830065587207 0.2509228692711847 0.04578389077317428 0.0989102146721816
0 0.48434958729141525 0.2481154952657758 0.043194479307785014 0.09419544267186346
0 0.5268236923343694 0.2421558492600488 0.04035940637700648 0.08479317067154524
0 0.5652277730670641 0.23936665658818543 0.03489397840327406 0.06989487667090888
0 0.6093495872914153 0.24666098858214025 0.042948817842395924 0.08950794267186338
0 0.6522773937138504 0.24694225190964053 0.04307164857509047 0.09185169267186337
0 0.6918754822484612 0.2511661279042317 0.04097356004047974 0.09651192067154524
0 0.7349670629811558 0.24832239123173197 0.04097356004047974 0.09651192067154524
0 0.7783895143606369 0.2540633138924595 0.03591756784239593 0.08942612667090888
0 0.8630920629811559 0.24683152188100546 0.04072789857509065 0.09182442067154524
0 0.37115030868574267 0.7990972872772298 0.07400406603337348 0.04146134134309065
0 0.20674364993388689 0.7330830306333651 0.08057497060135779 0.07745338534372674
0 0.16877890321324723 0.8615716573042741 0.08440597749876275 0.046267020011135786
0 0.014482795540415863 0.9331483073281366 0.028965591080831726 0.05167213534372692
0 0.18959933627536252 0.9261335966343196 0.1135988325417169 0.05207212468172671
0 0.3426391270939654 0.9110796666136387 0.0717831467660682 0.043777819342772514
0 0.4966682078266601 0.9069450552594125 0.07675725180902226 0.04930111334340879
0 0.41269267752350675 0.8556103692711847 0.0819393967660682 0.04389599801081765
0 0.5838683146786364 0.8520570132479584 0.07659347749876275 0.046176113343408785
0 0.6590453770939654 0.9073979465706863 0.07856873530067894 0.03917213534372692
0 0.7223952261440256 0.8457604652291867 0.07893722749876275 0.04620338534372692
0 0.7224228816165212 0.7856405778962775 0.07869156603337366 0.041515885343726744
0 0.8881430568767203 0.8414894938733696 0.07400406603337331 0.04146134134309065
0 0.8631972885593546 0.9003377825430057 0.07388123530067894 0.03911759134309065
0 0.21139900893356992 0.4058847313017287 0.04282598710970122 0.08716419267186341
0 0.5405232649264636 0.4574899479233217 0.043071648575090646 0.09185169267186347
0 0.5829154828142882 0.4530928019175947 0.04035940637700648 0.08479317067154532
0 0.6248982649264636 0.45650815591186766 0.0428259871097012 0.08716419267186346
0 0.6605901034610745 0.46077748524032247 0.03862981004047974 0.09648464867122701
0 0.7052032406162041 0.45869681723427735 0.040850729307785015 0.09416817067154533
0 0.7483357649264637 0.45507183056177763 0.04072789857509065 0.09182442067154532
0 0.7920448213488989 0.4553440032225051 0.040850729307785015 0.09416817067154533
0 0.8313529828142879 0.45020196988386896 0.038752640773174106 0.09882839867122702
0 0.8733357649264637 0.4536173238781419 0.04072789857509065 0.09182442067154532
0 0.9193066841937692 0.4554247245385513 0.04097356004047974 0.09651192067154532
0 0.9583691841937692 0.4549701911999152 0.03862981004047974 0.09648464867122701