0 0.09158791110187639 0.36830457240509873 0.11769417737631774 0.05145393657189175
0 0.08569339676742035 0.300354003123258 0.1099771778706093 0.0537522347764936
0 0.016412861672717667 0.13431136748644268 0.0271593606841345 0.12981476502711464
0 0.16912395657670243 0.5835295966055956 0.06037110870696818 0.12063520774732642
0 0.22849895657670244 0.5831841629605701 0.05353085969555131 0.1252818011314682
0 0.15727794220506533 0.12020743998973726 0.060848611178426104 0.13235395774732642
0 0.21968244171077375 0.11750007562655256 0.060848611178426104 0.13235395774732642
0 0.27921660920125974 0.12106089198152707 0.06309686068413445 0.13002384328594588
0 0.3331228592012597 0.12074727459328027 0.06075311068413445 0.1300102077473264
0 0.39353377718603727 0.12664729576871497 0.060848611178426104 0.13235395774732642
0 0.5099718606841345 0.12675131401728348 0.05860036167271758 0.13468407220870698
0 0.5700007766917456 0.12327633519271819 0.058504861178426106 0.132340322208707
0 0.6263781106841344 0.12607408226585198 0.060944111672717585 0.13469770774732642
0 0.6865343606841344 0.12572410344128668 0.060944111672717585 0.13469770774732642
0 0.7461003616727176 0.1300661697962612 0.05333985870696818 0.12059430113146816
0 0.804407610189843 0.12269403133077553 0.05059686068413436 0.1299511204133089
0 0.28511637110143884 0.572696114854164 0.05802735870696818 0.12062157220870695
0 0.35270311912427255 0.5629256842342006 0.05723152125453827 0.10109032220870695
0 0.4158079555881192 0.5774058198710159 0.057836357718385044 0.11593407220870695
0 0.4701280410633828 0.5872484524827691 0.06046660920125966 0.12297895774732641
0 0.5310337075652856 0.5861126784786641 0.058218359695551315 0.12530907220870696
0 0.590313207070994 0.5834234948336385 0.060562109695551314 0.1253227077473264
0 0.6516008755500631 0.5916627208295335 0.05774085722409339 0.11359032220870695
0 0.767656957070994 0.5823917390781019 0.06524960969555131 0.12534997882456533
0 0.3374070188574424 0.8779330606976338 0.06075311068413445 0.13001020774732625
0 0.39955685037837324 0.8689756963344489 0.06065761018984297 0.12766645774732624
0 0.45915468486505356 0.8740990126894236 0.05831386018984297 0.12765282220870694
0 0.511721269351734 0.8792632356602563 0.05860036167271758 0.13468407220870696
0 0.5719730198460257 0.8812570068356912 0.058409360684134624 0.1299965722087073
0 0.6356535178688592 0.8715093021134269 0.050596860684134624 0.12995112041330897
0 0.6967820188574423 0.8758422781093216 0.05860036167271758 0.13468407220870732
0 0.7516777658916929 0.8614570703619953 0.06309686068413463 0.13002384328594588
0 0.8131564353593452 0.8743837963578901 0.05657494665368965 0.14248293667008766
0 0.8755927683631508 0.8724576819947055 0.05606561068413427 0.12998293667008767
0 0.9371523508726648 0.8681923628110606 0.05869586216700924 0.13702782220870696
0 0.9828598570048334 0.8788026098841943 0.03428028599033332 0.13467043667008766