0 0.0765625 0.36875 0.115625 0.05078125
0 0.0734375 0.30078125 0.1078125 0.053125
0 0.0109375 0.134375 0.021875 0.1296875
0 0.1453125 0.584375 0.05546875 0.1203125
0 0.2046875 0.584375 0.0484375 0.125
0 0.15234375 0.12109375 0.05546875 0.13203125
0 0.21484375 0.11875 0.05546875 0.13203125
0 0.27421875 0.12265625 0.0578125 0.1296875
0 0.328125 0.12265625 0.05546875 0.1296875
0 0.38828125 0.12890625 0.05546875 0.13203125
0 0.5046875 0.1296875 0.053125 0.134375
0 0.56484375 0.1265625 0.053125 0.13203125
0 0.62109375 0.1296875 0.05546875 0.134375
0 0.68125 0.1296875 0.05546875 0.134375
0 0.740625 0.134375 0.0484375 0.1203125
0 0.79921875 0.12734375 0.0453125 0.1296875
0 0.26171875 0.57421875 0.053125 0.1203125
0 0.3296875 0.56484375 0.053125 0.10078125
0 0.3921875 0.5796875 0.053125 0.115625
0 0.44609375 0.58984375 0.05546875 0.12265625
0 0.50703125 0.5890625 0.053125 0.125
0 0.56640625 0.58671875 0.05546875 0.125
0 0.62734375 0.5953125 0.053125 0.11328125
0 0.74375 0.58671875 0.06015625 0.125
0 0.3015625 0.8796875 0.05546875 0.1296875
0 0.3640625 0.87109375 0.05546875 0.12734375
0 0.4234375 0.8765625 0.053125 0.12734375
0 0.47578125 0.88203125 0.053125 0.134375
0 0.5359375 0.884375 0.053125 0.1296875
0 0.6 0.875 0.0453125 0.1296875
0 0.6609375 0.8796875 0.053125 0.134375
0 0.71640625 0.865625 0.0578125 0.1296875
0 0.77734375 0.87890625 0.05078125 0.1421875
0 0.83984375 0.87734375 0.05078125 0.1296875
0 0.9015625 0.8734375 0.053125 0.13671875
0 0.9578125 0.884375 0.05078125 0.134375