0 0.03853625497302324 0.51328125 0.07707250994604647 0.18984375
0 0.045408362826783025 0.3078125 0.07967168344033876 0.178125
0 0.05578062134819968 0.11640625 0.07953531574558706 0.1703125
0 0.01875 0.0296875 0.0375 0.059375
0 0.03403448620357759 0.77265625 0.06806897240715518 0.2140625
0 0.06605318932919545 0.921875 0.1321063786583909 0.1515625
0 0.4093793595803721 0.3578125 0.07991714529089182 0.1921875
0 0.4999519922926575 0.53984375 0.07561147483619664 0.2140625
0 0.6147860596630977 0.58515625 0.07518873498246634 0.18984375
0 0.7016002670494238 0.5796875 0.07539328652459396 0.2015625
0 0.785453115669452 0.56484375 0.07531146590774292 0.196875