0 0.08108162739855337 0.5125448644483408 0.0987604991748074 0.19131652110331832
0 0.07410588652211572 0.30692610998411396 0.09006000539858475 0.1794614034085667
0 0.06663323817714528 0.11539712905883741 0.08946800954776961 0.1716489034085667
0 0.020999584233097453 0.0296875 0.041999168466194906 0.059375
0 0.09839213964561536 0.7719607747567663 0.09590818631233429 0.21545345048646744
0 0.14329301039618414 0.9205931436693341 0.1583597195058133 0.15412621266133186
0 0.4427384099673325 0.3505577386392096 0.09112559793005204 0.19352390340856668
0 0.5502819132913248 0.5309525763021892 0.08809568631233429 0.21531708279171563
0 0.6693404892260524 0.574246834419864 0.08626049917480749 0.19109833279171565
0 0.7556448421304819 0.5672644030081202 0.08714849295103004 0.20281708279171565
0 0.838113800013933 0.550961518674277 0.08679329544054104 0.19812958279171564