0 0.57421875 0.4703125 0.08203125 0.19921875
0 0.64921875 0.6890625 0.0765625 0.18515625
0 0.7359375 0.6875 0.0765625 0.1921875
0 0.828125 0.67890625 0.0890625 0.2046875
0 0.9359375 0.678125 0.07421875 0.1921875
0 0.328125 0.85234375 0.1703125 0.0796875
0 0.33515625 0.95078125 0.1609375 0.0796875
0 0.328125 0.61796875 0.18984375 0.08671875
0 0.3171875 0.5140625 0.16328125 0.08203125
0 0.3078125 0.4078125 0.15390625 0.084375
0 0.3109375 0.30390625 0.13671875 0.07421875
0 0.32578125 0.19453125 0.165625 0.08671875
0 0.33671875 0.04921875 0.1828125 0.09375
0 0.60234375 0.07109375 0.06953125 0.1421875