0 0.5495707163059447 0.4703125 0.09247186227904329 0.19921875
0 0.6131065145877794 0.6890625 0.08626612788287566 0.18515625
0 0.6999071517429092 0.6875 0.08663462008095948 0.1921875
0 0.7925450310961228 0.67890625 0.09978971732199753 0.2046875
0 0.9003984746736877 0.678125 0.08429087008095948 0.1921875
0 0.28345555687672036 0.85234375 0.1744887449116174 0.0796875
0 0.285327916103546 0.95078125 0.1651137449116174 0.0796875
0 0.2957386301461831 0.61796875 0.19438848710970122 0.08671875
0 0.29024662596231166 0.5140625 0.16758032564431194 0.08203125
0 0.2864399525111348 0.4078125 0.15832815637700665 0.084375
0 0.29501044832726325 0.30390625 0.14060838986866325 0.07421875
0 0.3155862991863459 0.19453125 0.1701697371097012 0.08671875
0 0.3341393046134128 0.04921875 0.1877257293077851 0.09375
0 0.5986178844415962 0.07109375 0.07698298111680746 0.1421875