0 0.31149871334806045 0.962021714386626 0.18105368182494191 0.07291130093507618
0 0.3284885310660079 0.6409052384889268 0.16906301779449712 0.08533857806243947
0 0.3439782212939069 0.5291228559753695 0.1716932692773719 0.09238346360105894
0 0.3385333290122919 0.41355694330938697 0.17697101828878878 0.08772777985783761
0 0.3429900187458993 0.30418194330938697 0.16203176779449713 0.08529767144658126
0 0.3363009614452562 0.1808126210024841 0.16700576927737193 0.09235619252382006
0 0.3409486521674468 0.06675012100248409 0.17159776878308036 0.09003971360105889
0 0.6810352109137836 0.5763689980550925 0.16691026878308027 0.09001244252382001
0 0.6817766516359741 0.4623292239527915 0.17441902125453818 0.10177209913967822
0 0.6778942593543591 0.34675422092772934 0.1482557692773719 0.09224710821486468
0 0.6910720330803553 0.23420422395279142 0.1603565212545382 0.10169028590796178
0 0.6848458907987403 0.11864285646634878 0.1576307692773719 0.09230165036934235
0 0.6975143285551814 0.02085181372269588 0.1580963428896373 0.04170362744539176