0 0.2946310035484691 0.9640625 0.18231124203690507 0.071875
0 0.31723883482203413 0.64296875 0.1705392841302798 0.084375
0 0.3346832110315713 0.53125 0.17329255780780314 0.09140625
0 0.3312613503952882 0.415625 0.17848829202278757 0.08671875
0 0.33763171871231756 0.30625 0.16350803413027978 0.084375
0 0.3331023843843937 0.1828125 0.16860505780780316 0.09140625
0 0.33974576848643867 0.06875 0.17315604991529537 0.0890625
0 0.6708790452889081 0.58046875 0.16846854991529536 0.0890625
0 0.6736161793909531 0.46640625 0.17618233937783428 0.10078125
0 0.6717568187546699 0.35078125 0.14985505780780314 0.09140625
0 0.686902947595043 0.23828125 0.1621198393778343 0.10078125
0 0.6826998369587598 0.12265625 0.15923005780780314 0.09140625
0 0.6971179237057582 0.02265625 0.15888915258848363 0.0453125