0 0.3234375 0.33203125 0.165625 0.08203125
0 0.5140625 0.33203125 0.178125 0.08203125
0 0.73671875 0.3296875 0.1609375 0.08671875
0 0.91796875 0.35078125 0.15859375 0.071875
0 0.8234375 0.0609375 0.1609375 0.0890625
0 0.203125 0.70078125 0.1609375 0.084375
0 0.38828125 0.71875 0.09375 0.1921875
0 0.34609375 0.93046875 0.16328125 0.09609375
0 0.5796875 0.96484375 0.16328125 0.06953125
0 0.7546875 0.97109375 0.134375 0.0578125
0 0.87734375 0.87734375 0.16328125 0.09140625
0 0.953125 0.67890625 0.06953125 0.18984375
0 0.86328125 0.6734375 0.0671875 0.1734375
0 0.78125 0.6515625 0.0671875 0.178125
0 0.7015625 0.66953125 0.071875 0.18046875
0 0.60546875 0.69609375 0.071875 0.19453125
0 0.51171875 0.69609375 0.071875 0.165625