0 0.3408385204650723 0.32826771395609294 0.16992407564431194 0.0839584713558171
0 0.5314635204650722 0.3260495912635487 0.18242407564431212 0.08410392202418074
0 0.7539969397323777 0.32111500123332276 0.1654822371097012 0.08859142735518084
0 0.9275860683793227 0.34009971654205123 0.14482786324135474 0.07372040535486271
0 0.8266310990500603 0.051355937221550595 0.16560506784239593 0.09093517735518082
0 0.2398513890756937 0.6984176766390922 0.16535940637700663 0.08624767735518084
0 0.4259493413596859 0.714231938613957 0.10382212008095948 0.19327838001272662
0 0.39485755087976726 0.9264415846196841 0.16831731004047973 0.09799369935549898
0 0.6302528182926218 0.95809847525464 0.1669252284032739 0.07143119935549898
0 0.8055803669131407 0.9623121658975503 0.1374048247398008 0.05937609468490805
0 0.9196437816589051 0.8671349312142327 0.16071243668218962 0.09330619935549897
0 0.9744823496148725 0.6678156365372787 0.05103530077025518 0.19065281934277234
0 0.898574613860923 0.6633923132161417 0.07627697421940241 0.17421929734245403
0 0.8153969436891064 0.6424718332272776 0.07652263568479176 0.17890679734245402
0 0.7366511459730987 0.6613678312380953 0.0813329664174864 0.1813050913430903
0 0.6419494776103045 0.6890484832511401 0.0820699508136542 0.19536759134309029
0 0.5481994776103045 0.6901393632638668 0.08055503844375381 0.16646134134309049