0 0.4313888554622459 0.6625870752705483 0.14553513192686954 0.0735295013526354
0 0.43931482547845657 0.593001281269912 0.13025473428423434 0.06398177868395383
0 0.4405370312266436 0.5164660532702301 0.13472391046291676 0.059348822684590095
0 0.4513355599675787 0.13373536927118468 0.14978598428423434 0.06420904535327181
0 0.7366544758071789 0.14368943523236827 0.13058222001621064 0.07101302868395373
0 0.7336855636916323 0.5427263718969139 0.12823847001621064 0.07098575668363552
0 0.6864080335029552 0.8704428392345955 0.07255785835322079 0.1663795253421359
0 0.7532894725019192 0.8259383138924594 0.0578403868892682 0.15215339334022682
0 0.8281824646440363 0.7938337912158235 0.060402460710585706 0.1568681653405452
0 0.8854277303598022 0.8556338098743239 0.060402460710585616 0.1568681653405452
0 0.9420052160917785 0.847948031866688 0.043433284531903385 0.16135567067154505
0 0.9533688250641719 0.4363201885344152 0.059058284531903385 0.1615374840069997
0 0.8973007615819364 0.4330684665420512 0.04868155665780982 0.12315623667249972
0 0.8354193457423363 0.420514469883869 0.07032327026387968 0.16869600334181775
0 0.8390110343270155 0.22604685455127801 0.06172736621110388 0.13502043734086333
0 0.8989660771310863 0.2464315325430057 0.06541744644256227 0.16395395934118145
0 0.95254484139911 0.25283552653568786 0.06845255521006806 0.17882498134149963