0 0.48613606679658494 0.9597947191602039 0.13281304734245403 0.06795563534222779
0 0.6759798167965849 0.9608991977883774 0.11885963534372675 0.07724882211051103
0 0.8431400447962668 0.9595281162098963 0.13046929734245402 0.06794199980360816
0 0.9703821018956675 0.9587382967316639 0.059235796208664836 0.069935770979043
0 0.25648492946367585 0.9615834363754999 0.1305511133434086 0.07497324980360816
0 0.12041106946208498 0.9490738251355733 0.10387952534213599 0.06544371369925486
0 0.02524402013044854 0.9610193132317166 0.028961341343090453 0.07203862646343318
0 0.19995092942390494 0.6683056141667929 0.06448176535645347 0.1706761143631848
0 0.10007819875872304 0.6786613311856975 0.06691642202418069 0.17850224990180408
0 0.1487856820496341 0.36646585821486466 0.06429086135422635 0.1542698643631847
0 0.0822612533815887 0.3559232679539809 0.0619471113542263 0.15425622882456533
0 0.02672886871417963 0.35013181020665446 0.047294265356453494 0.17057612041330888
0 0.3431623907144978 0.354316357920277 0.05973972135581711 0.16596134328594586
0 0.4508567120464524 0.3447873426967707 0.09780279535327185 0.14743405708339646
0 0.6542089787157706 0.36550033937712095 0.0619198393539083 0.15191247882456524
0 0.8564436407144977 0.35730254087793145 0.05745051535645338 0.1706352077473264
0 0.9747920093491356 0.12206954370660184 0.05036472135581711 0.16590680113146816
0 0.021058482017817366 0.13136362948849523 0.03999029535327181 0.1470977137974506
0 0.07721757535009013 0.12387838241536145 0.07140392735518082 0.161342020979043
0 0.14358746268299924 0.12113972267624522 0.059766993356135334 0.16830509328594587
0 0.21159257535009016 0.12466015329620857 0.05265392735518082 0.1612329366700876
0 0.33822780068427194 0.13164647238165764 0.05949427335295363 0.14486759328594587
0 0.4029715533497719 0.12342997228346175 0.054834045353271854 0.147184072208707
0 0.46549882535009013 0.12613733664664645 0.05505222135581711 0.16593407220870704
0 0.5303153033497721 0.1241708365484506 0.05494313335454457 0.156559072208707
0 0.593660188017181 0.13000774609117513 0.057232339353908125 0.15188520774732642
0 0.6576045093491356 0.12022420081343946 0.05973972135581711 0.16596134328594586
0 0.7185056466820448 0.11745372481754454 0.05765051002545345 0.1878227077473264
0 0.7872920093491356 0.12097870061704771 0.05963063335454457 0.15658634328594584
0 0.852126668682363 0.12057470051885184 0.05497040535486235 0.158902822208707
0 0.9145357620146356 0.11312581488203657 0.05033744935549898 0.16356305113146813