0 0.475 0.95703125 0.13203125 0.0671875
0 0.66484375 0.95703125 0.11796875 0.0765625
0 0.83203125 0.9546875 0.1296875 0.0671875
0 0.96484375 0.953125 0.06953125 0.06953125
0 0.2453125 0.96015625 0.1296875 0.07421875
0 0.109375 0.9484375 0.103125 0.06484375
0 0.0140625 0.9609375 0.028125 0.071875
0 0.1921875 0.6671875 0.0625 0.1703125
0 0.0921875 0.678125 0.06484375 0.178125
0 0.14453125 0.365625 0.0625 0.15390625
0 0.078125 0.35546875 0.06015625 0.15390625
0 0.02265625 0.35 0.0453125 0.1703125
0 0.3390625 0.35234375 0.0578125 0.165625
0 0.446875 0.3421875 0.09609375 0.146875
0 0.65 0.36171875 0.06015625 0.1515625
0 0.85234375 0.35234375 0.05546875 0.1703125
0 0.9734375 0.11640625 0.0484375 0.165625
0 0.01953125 0.13125 0.03828125 0.146875
0 0.07578125 0.1234375 0.06953125 0.1609375
0 0.1421875 0.1203125 0.0578125 0.16796875
0 0.21015625 0.1234375 0.05078125 0.1609375
0 0.33671875 0.1296875 0.0578125 0.14453125
0 0.4015625 0.12109375 0.053125 0.146875
0 0.4640625 0.1234375 0.053125 0.165625
0 0.52890625 0.12109375 0.053125 0.15625
0 0.5921875 0.1265625 0.05546875 0.1515625
0 0.65625 0.11640625 0.0578125 0.165625
0 0.7171875 0.11328125 0.05546875 0.1875
0 0.7859375 0.11640625 0.0578125 0.15625
0 0.85078125 0.115625 0.053125 0.15859375
0 0.91328125 0.1078125 0.0484375 0.16328125