0 0.47109375 0.31015625 0.0625 0.125
0 0.47109375 0.1390625 0.0578125 0.125
0 0.2765625 0.33984375 0.1390625 0.06953125
0 0.1859375 0.2328125 0.0453125 0.1390625
0 0.1234375 0.2359375 0.05078125 0.1390625
0 0.06875 0.2296875 0.05546875 0.1421875
0 0.015625 0.234375 0.03125 0.1515625
0 0.12734375 0.609375 0.0578125 0.146875
0 0.25625 0.6109375 0.05078125 0.1109375
0 0.0578125 0.6109375 0.0625 0.14453125
0 0.01328125 0.6140625 0.021875 0.146875
0 0.3859375 0.70703125 0.06484375 0.1390625
0 0.50859375 0.70546875 0.05078125 0.146875
0 0.5734375 0.709375 0.05546875 0.14453125
0 0.2515625 0.83984375 0.05078125 0.13671875
0 0.19140625 0.8453125 0.05078125 0.1421875
0 0.12734375 0.84765625 0.0578125 0.146875
0 0.05546875 0.85078125 0.0671875 0.134375
0 0.38203125 0.8609375 0.0578125 0.115625
0 0.446875 0.859375 0.0578125 0.13203125
0 0.5171875 0.85546875 0.053125 0.134375
0 0.5796875 0.86328125 0.0484375 0.1390625
0 0.6421875 0.8609375 0.0578125 0.14921875
0 0.63203125 0.70703125 0.053125 0.1296875
0 0.69140625 0.70703125 0.05546875 0.14453125
0 0.7125 0.8609375 0.05546875 0.14921875
0 0.7765625 0.85703125 0.053125 0.1421875
0 0.8390625 0.86640625 0.0578125 0.1515625
0 0.828125 0.70546875 0.06484375 0.13203125
0 0.7640625 0.7078125 0.053125 0.1421875
0 0.971875 0.85859375 0.05625 0.1421875
0 0.9625 0.709375 0.05078125 0.10078125
0 0.90234375 0.7015625 0.05546875 0.1390625