0 0.4620691248353978 0.31015625 0.0661371285298145 0.125
0 0.4670474445105814 0.1390625 0.061449628529814504 0.125
0 0.26667405680956685 0.33984375 0.1410856527447093 0.06953125
0 0.17916334811322052 0.2328125 0.0493588054894186 0.1390625
0 0.11657241989997516 0.2359375 0.0548275554894186 0.1390625
0 0.062066776326465865 0.2296875 0.05960598370266399 0.1421875
0 0.013317696588898933 0.234375 0.026635393177797867 0.1515625
0 0.10961274841715436 0.609375 0.06208612602253205 0.146875
0 0.23847353431053167 0.6109375 0.054009201570210406 0.1109375
0 0.04003603431053168 0.6109375 0.066705429862598 0.14453125
0 0.004244084554276165 0.6140625 0.00848816910855233 0.146875
0 0.3653649917532368 0.70703125 0.0688900554894186 0.1390625
0 0.4880667058598595 0.70546875 0.05505487602253219 0.146875
0 0.5527967955933027 0.709375 0.05967417986259811 0.14453125
0 0.22712554269030888 0.83984375 0.054759359329484614 0.13671875
0 0.16681016831712953 0.8453125 0.05491848370266399 0.1421875
0 0.10267947215719549 0.84765625 0.062086126022532016 0.146875
0 0.03313112526436271 0.85078125 0.06626225052872542 0.134375
0 0.3569805272509027 0.8609375 0.06117684389007838 0.115625
0 0.42186974135752536 0.859375 0.061654217009616555 0.13203125
0 0.4922959016240821 0.85546875 0.05703491316955063 0.134375
0 0.5545685810909686 0.86328125 0.0524838054894186 0.1390625
0 0.6171367772509028 0.8609375 0.0621543221824659 0.14921875
0 0.6114587417532368 0.70703125 0.05689852084968248 0.1296875
0 0.6708337417532368 0.70703125 0.05967417986259811 0.14453125
0 0.6874492772509028 0.8609375 0.0598105721824659 0.14921875
0 0.7516254375174594 0.85703125 0.057262233702664034 0.1421875
0 0.8138526528777235 0.86640625 0.06222251834240007 0.1515625
0 0.8075979558598594 0.70546875 0.06868546700961664 0.13203125
0 0.7434672596999254 0.7078125 0.057262233702664034 0.1421875
0 0.9468924734108366 0.85859375 0.060387233702663676 0.1421875
0 0.941859295593303 0.709375 0.053713684877163104 0.10078125
0 0.8819303661264162 0.7015625 0.0595150554894186 0.1390625