0 0.45302920555813786 0.31015625 0.06978042093374803 0.125
0 0.46299428171120544 0.1390625 0.06509292093374786 0.125
0 0.25676885558637286 0.33984375 0.14311223414439728 0.06953125
0 0.1723777160108945 0.2328125 0.053411968288794576 0.1390625
0 0.10969570548755078 0.2359375 0.05888071828879458 0.1390625
0 0.05537222653423819 0.2296875 0.06375022881213828 0.1421875
0 0.01100648297015366 0.234375 0.02201296594030732 0.1515625
0 0.09185169794797887 0.609375 0.06636699459715381 0.146875
0 0.220666942686307 0.6109375 0.057242623578701315 0.1109375
0 0.028844218019315016 0.6109375 0.05768843603863003 0.14453125
0 0.3447576190934883 0.70703125 0.07294321828879458 0.1390625
0 0.4675048743551601 0.70546875 0.05933574459715381 0.146875
0 0.5321211112009805 0.709375 0.06388673670464602 0.14453125
0 0.20264717185138115 0.83984375 0.058744210396286786 0.13671875
0 0.14217240343552967 0.8453125 0.059062728812138275 0.1421875
0 0.07797339554302188 0.84765625 0.06636699459715382 0.146875
0 0.021711680635783846 0.85078125 0.04342336127156769 0.134375
0 0.3318873508188112 0.8609375 0.06454688936371689 0.115625
0 0.396822106080483 0.859375 0.06550244461127122 0.13203125
0 0.46736211923466264 0.85546875 0.060951452503779 0.134375
0 0.5294070929263034 0.86328125 0.05653696828879458 0.1390625
0 0.5920436008188112 0.8609375 0.0665035024896616 0.14921875
0 0.5908513690934882 0.70703125 0.060678436718763426 0.1296875
0 0.6502263690934883 0.70703125 0.06388673670464602 0.14453125
0 0.6623561008188112 0.8609375 0.06415975248966159 0.14921875
0 0.7266461139729907 0.85703125 0.06140647881213823 0.1421875
0 0.7886000824029598 0.86640625 0.06664001038216938 0.1515625
0 0.7870361243551601 0.70546875 0.07253369461127121 0.13203125
0 0.7228371164626524 0.7078125 0.06140647881213823 0.1421875
0 0.921867608711319 0.85859375 0.06453147881213823 0.1421875
0 0.9211836112009806 0.709375 0.05665108937783429 0.10078125
0 0.8614823875093396 0.7015625 0.06356821828879475 0.1390625