0 0.6263424545035068 0.01235235996181994 0.13169009099298634 0.02470471992363988
0 0.6268442998154299 0.0614047412476403 0.13149912631044672 0.06632552868395376
0 0.6123872694352149 0.3722786065802312 0.13868057063492073 0.06875109468490823
0 0.6083937769933542 0.5198712219128222 0.12855459901255095 0.056923256683635515
0 0.6061618460871154 0.6034286092457313 0.12696182063492073 0.06861473468331739
0 0.601505822028422 0.6760848592457313 0.14057373766149883 0.06174711668522655
0 0.8509284238187501 0.852736076543642 0.07705026064045803 0.15468804734245403
0 0.920098728414542 0.8331951885344152 0.060273770819490834 0.13653748400699967
0 0.8964654734772963 0.5563332438733695 0.13838018198597268 0.06406359468490823
0 0.9139554711609446 0.1494019912078694 0.14117451495939476 0.07112211668522642
0 0.9261922601790328 0.01299615527532085 0.1476154796419344 0.0259923105506417