0 0.9363383748131131 0.8546614427824203 0.045998822110511026 0.11875968262955974
0 0.31610314286528984 0.852207787745705 0.05145393657189175 0.1165113900158861
0 0.36603041999265296 0.8638350344992943 0.04598518657189175 0.11641593262955965
0 0.4191645103517326 0.8613452341749828 0.05149484318774995 0.12354264001588611
0 0.47466507660851126 0.8549082735422455 0.05148120764913067 0.1211988900158861
0 0.5371196248131132 0.861629831984232 0.05146757211051103 0.11885514001588611
0 0.5949639410698918 0.8551519610430696 0.046012457649130666 0.12110343262955973
0 0.65594689286529 0.8462757930240062 0.053824957649130666 0.12123980032431154
0 0.7113929169675908 0.8492138323912691 0.04912382211051103 0.11881422970746058
0 0.7652582603517326 0.8553041452974824 0.056236885342227795 0.13299946063273715
0 0.8230616699926528 0.8558575243563198 0.0515084787263695 0.1258863900158861
0 0.8808059922995557 0.8665671534151572 0.051508478726369586 0.1258863900158861
0 0.7910678231906656 0.5814439054437521 0.04593973477649378 0.10860343262955982
0 0.7347996424725064 0.5855507528459644 0.04913745764913067 0.12115797970746059
0 0.6824604376520462 0.5856831664008008 0.051408484776493776 0.1086988900158861
0 0.6277865731906657 0.5842939902640627 0.056155072110511205 0.11893696063273715
0 0.5652865731906657 0.5853849318220762 0.056155072110511205 0.11893696063273715
0 0.5028229346269841 0.5802258733800898 0.05145393657189175 0.1165113900158861
0 0.4457507780111259 0.5882526075517772 0.04911018657189174 0.11647047970746058
0 0.39347520570422295 0.5774475211066136 0.048969286006157645 0.09225172970746058
0 0.28169282319066563 0.5903350791415629 0.056155072110511114 0.11893696063273715
0 0.22158657016560354 0.582791360391151 0.05142666549465282 0.11182389001588611
0 0.16840702801112584 0.5930936607154627 0.056141436571891704 0.11659321063273716
0 0.2598672992847564 0.7164845219173925 0.11124657220870696 0.05506142126547413
0 0.015515489343388167 0.9020301043020712 0.031030978686776334 0.11859604139585755
0 0.09840866628021978 0.40605335673770304 0.09638918667008758 0.052458572645445935
0 0.09177284690018314 0.3382073376629796 0.10576418667008758 0.052622213879147936
0 0.026871051327859878 0.21983521306836903 0.053742102655719756 0.11657957386326193
0 0.17785631352630416 0.1773459297901861 0.05136757816063535 0.10166764001588602
0 0.23176256352630417 0.17640499269639934 0.04911018657189174 0.11647047970746054
0 0.2981688135263042 0.1752458672910099 0.056141436571891745 0.11659321063273706
0 0.3520568828081449 0.17742993019722317 0.053811322110511116 0.11889605032431154
0 0.402883584603543 0.1687310401813371 0.058457915494652825 0.11194662094116259
0 0.4559494972695255 0.17795998985702557 0.053811322110511206 0.11889605032431154
0 0.510696084603543 0.16684916599376365 0.05385222872636941 0.12592730032431154
0 0.6254852924490653 0.17421956088091367 0.05619597872636959 0.12596821063273705
0 0.680227334603543 0.16388998701765178 0.04601245764913049 0.12110343262955983
0 0.7380261990649235 0.1652246160764892 0.05150847872636941 0.12588639001588603
0 0.7942716538853839 0.16502401867427696 0.04368234318774995 0.12340627232113435
0 0.8970835573779841 0.08276885187302968 0.10351588544042371 0.06898755357072243