0 0.9059118996216267 0.8601394965388696 0.0501193582126767 0.11849600867281822
0 0.28614056908927904 0.8540762359564111 0.055492607718385045 0.11621589334022708
0 0.3356312331197239 0.8659944332829568 0.050023857718384954 0.11615225867281823
0 0.3888199001159184 0.8638137679424117 0.055779109201259745 0.12324714334022709
0 0.4445114846025987 0.8576995806015484 0.05568360870696818 0.12090339334022708
0 0.5066931496216267 0.8647848272597308 0.055588108212676526 0.11855964334022673
0 0.5647284841083071 0.8586433679185491 0.050214858706968 0.12083975867281786
0 0.6259843190892791 0.8501217959102767 0.05802735870696818 0.12093066534054495
0 0.6812939015987931 0.8533826085694136 0.05324435821267652 0.11853237133990895
0 0.7349136501159184 0.8597866025620957 0.060848611178426104 0.13267668734086335
0 0.792662483119724 0.8606763932209143 0.05587460969555132 0.12559089334022708
0 0.849997480648266 0.8717224338797328 0.05587460969555132 0.12559089334022708
0 0.7702741244499368 0.5860672918921412 0.04970552273741298 0.10833975867281787
0 0.7138967904575481 0.5898468198997773 0.05333985870696818 0.12087612133990877
0 0.6615848739556454 0.5896746445735497 0.055174272737412974 0.10840339334022708
0 0.6069928744499368 0.5879672412476402 0.060275608212676704 0.11861418734086335
0 0.5444928744499368 0.5886944945894581 0.060275608212676704 0.11861418734086335
0 0.48224754243471446 0.5831717479312759 0.055492607718385045 0.11621589334022708
0 0.4249297909518397 0.5908666166056846 0.053148857718385 0.11618862133990895
0 0.37306354342329756 0.579756941279457 0.05216201927737192 0.09196987133990878
0 0.2608991244499369 0.5919944066279563 0.060275608212676524 0.11861418734086335
0 0.20109304292900596 0.584100637969456 0.05530160672980176 0.1115283933402269
0 0.14758604095183964 0.5940938033100011 0.06018010771838496 0.11627043734086336
0 0.23468018125628834 0.7180211046308198 0.1131021778706093 0.054415874681726706
0 0.0007866194020385965 0.9021346646642275 0.001573238804077193 0.11838692067154497
0 0.08416416399326382 0.40663980398631877 0.09816292737631771 0.0518994020130449
0 0.07990242832771985 0.3387528699872733 0.10753792737631773 0.05200849001431749
0 0.024033066197891643 0.2199943266629547 0.048066132395783286 0.11626134667409058
0 0.17155271193954777 0.17838698730904656 0.054887771254538274 0.10137214334022696
0 0.2254589619395478 0.17775973130172873 0.053148857718384956 0.11618862133990877
0 0.2918652119395478 0.17698702462604735 0.06018010771838496 0.11627043734086326
0 0.345644127947159 0.17948476861872947 0.057931858212676525 0.11858691534054513
0 0.39674371292813093 0.1710813752785025 0.06233285672980173 0.11161020934118145
0 0.4494548774528674 0.18061945993795742 0.057931858212676525 0.11858691534054513
0 0.5045562129281309 0.1698268632638668 0.058218359695551315 0.12561816534054512
0 0.6190179609509646 0.17786553524827664 0.060562109695551314 0.1256454373408633
0 0.6740874629281309 0.16785418857418608 0.05021485870696818 0.12083975867281786
0 0.7318044624338393 0.16952522923300462 0.05587460969555132 0.12559089334022694
0 0.7880226289357422 0.1696519512253686 0.047966609201259655 0.12315623667249972
0 0.8936452292397533 0.08799232387814197 0.10586268083635879 0.06838746801399935