0 0.13961947356000798 0.44140625 0.09178349990180412 0.06484375
0 0.03707905001172056 0.44453125 0.07415810002344111 0.0625
0 0.03616887780887383 0.75625 0.07233775561774766 0.06015625
0 0.14789856441006693 0.7640625 0.1277073643631847 0.0625
0 0.12642249844787584 0.9640625 0.12533634328594587 0.0578125
0 0.02225471155795545 0.971875 0.0445094231159109 0.05625
0 0.3522173839864953 0.96171875 0.12539088544042354 0.0671875
0 0.4873872695251147 0.959375 0.10117213544042354 0.0671875
0 0.6154804532683361 0.96484375 0.10350224990180408 0.06484375
0 0.7780395406023535 0.9546875 0.1160704275949012 0.0765625
0 0.981223627936371 0.94453125 0.026953385440423715 0.0671875
0 0.8301990217646098 0.44921875 0.1034886143631848 0.0625
0 0.6560075428418488 0.44453125 0.12070338544042354 0.0671875
0 0.9877262172152962 0.2296875 0.02281130698520073 0.1609375