0 0.18515625 0.42421875 0.09140625 0.0453125
0 0.18359375 0.4796875 0.11796875 0.05078125
0 0.2203125 0.5984375 0.103125 0.053125
0 0.20546875 0.66328125 0.09375 0.04296875
0 0.196875 0.73203125 0.10078125 0.05078125
0 0.178125 0.85234375 0.0484375 0.11796875
0 0.23203125 0.86796875 0.05078125 0.1109375
0 0.12109375 0.91953125 0.05546875 0.11328125
0 0.221875 0.97421875 0.065625 0.0515625
0 0.4984375 0.91328125 0.05546875 0.14921875
0 0.58984375 0.77734375 0.0890625 0.05078125
0 0.7125 0.78515625 0.0984375 0.0453125
0 0.60234375 0.86796875 0.0359375 0.10546875
0 0.64921875 0.8859375 0.03828125 0.0890625
0 0.69453125 0.884375 0.0484375 0.1109375
0 0.740625 0.88671875 0.0484375 0.115625
0 0.7953125 0.87265625 0.03828125 0.115625
0 0.8421875 0.86640625 0.040625 0.11796875
0 0.88828125 0.875 0.0453125 0.115625
0 0.9359375 0.86875 0.0453125 0.12265625
0 0.9875 0.8609375 0.025 0.115625
0 0.33984375 0.6609375 0.05078125 0.1109375
0 0.1921875 0.05546875 0.15390625 0.0578125
0 0.39296875 0.1203125 0.0359375 0.08671875
0 0.43984375 0.1296875 0.0484375 0.1203125
0 0.39765625 0.259375 0.05078125 0.08203125
0 0.446875 0.2546875 0.04296875 0.10078125
0 0.4953125 0.2453125 0.03828125 0.09609375
0 0.49296875 0.13359375 0.04296875 0.0984375
0 0.540625 0.11328125 0.04296875 0.115625
0 0.59140625 0.1140625 0.04296875 0.0984375
0 0.63671875 0.11796875 0.04296875 0.115625
0 0.39921875 0.60703125 0.04296875 0.1078125
0 0.396875 0.48671875 0.04296875 0.1078125
0 0.44609375 0.49296875 0.040625 0.115625
0 0.446875 0.6140625 0.04296875 0.103125
0 0.5015625 0.61875 0.0453125 0.1078125
0 0.4984375 0.4953125 0.0453125 0.10546875
0 0.546875 0.49765625 0.0453125 0.1109375
0 0.5953125 0.49140625 0.040625 0.1078125
0 0.6421875 0.4890625 0.03828125 0.1078125
0 0.6890625 0.49375 0.040625 0.11796875
0 0.7359375 0.47734375 0.04296875 0.1078125
0 0.5515625 0.62109375 0.0453125 0.1078125
0 0.5984375 0.6203125 0.03828125 0.09609375
0 0.6453125 0.6140625 0.0453125 0.1078125
0 0.69375 0.61171875 0.0453125 0.1078125
0 0.74140625 0.6078125 0.0453125 0.10546875
0 0.54296875 0.240625 0.04296875 0.1203125
0 0.5921875 0.24375 0.0453125 0.11796875
0 0.6421875 0.23671875 0.0484375 0.103125
0 0.6875 0.24765625 0.04296875 0.125
0 0.68515625 0.1140625 0.03828125 0.11796875
0 0.73671875 0.109375 0.040625 0.103125
0 0.78515625 0.11328125 0.040625 0.1109375
0 0.73828125 0.228125 0.0484375 0.1109375
0 0.7859375 0.22734375 0.03828125 0.1078125
0 0.83515625 0.22109375 0.040625 0.10546875
0 0.83046875 0.10078125 0.040625 0.1109375
0 0.87890625 0.11171875 0.040625 0.0984375
0 0.92578125 0.10546875 0.04296875 0.1109375
0 0.9796875 0.22109375 0.040625 0.1109375
0 0.93515625 0.23203125 0.04296875 0.103125
0 0.88359375 0.22734375 0.040625 0.103125
0 0.7953125 0.6078125 0.04296875 0.10546875
0 0.84140625 0.60703125 0.04296875 0.1078125
0 0.8375 0.4890625 0.040625 0.1078125
0 0.890625 0.4734375 0.0453125 0.10078125
0 0.9359375 0.4890625 0.05078125 0.12265625
0 0.9828125 0.48203125 0.02890625 0.09375
0 0.93984375 0.615625 0.04296875 0.09609375
0 0.98515625 0.60234375 0.0296875 0.1109375
0 0.890625 0.6109375 0.040625 0.115625