0 0.1683825419319122 0.4985215004070371 0.07631869402449887 0.18176424310014117
0 0.16753984663431967 0.23530843425441295 0.06959652669477143 0.2082040121748646
0 0.15843264055541423 0.8165993445628384 0.07389312802354438 0.17469208279171583
0 0.14009916919959706 0.9825107167218171 0.06597044533736347 0.030832988635914306
0 0.45591507320182423 0.9605952118538482 0.14291475334181775 0.06498189204448082
0 0.4492661785487327 0.8607315795486 0.1259817920114541 0.08655688311602709
0 0.4540274985678227 0.7200520324706993 0.15245338534372674 0.0792080332781829
0 0.44352689791536754 0.615569084012827 0.14322383601209038 0.09154439204448099
0 0.4360063939370029 0.456357725246529 0.1377823580124085 0.09379268465815471
0 0.4272046532861385 0.34012875324970615 0.16191929201145397 0.08718417451188501
0 0.4168313219685015 0.22470830479183374 0.15728633601209036 0.09178985389503395
0 0.41656878731700075 0.11301682833078405 0.16429031401177224 0.08956883482031053
0 0.432421601328773 0.03050843090624279 0.15937554734245407 0.06101686181248558
0 0.17752501599300033 0.050280643669334026 0.06369996801399935 0.10056128733866805
0 0.7456028539942731 0.036272551240145015 0.13770054201145393 0.07254510248029003
0 0.8964022853278184 0.03338387540868474 0.1353204293443632 0.06676775081736948
0 0.9130437979790009 0.13871884294457595 0.12827099801081765 0.0819102934244527
0 0.7397153859802736 0.13237120576806366 0.13770054201145393 0.08676143465815475
0 0.7338279179662743 0.2355780263849147 0.13770054201145393 0.08676143465815474
0 0.8947017832988653 0.23823760187302973 0.1573408800127268 0.09647735389503398
0 0.9036580652848659 0.34118532386985245 0.123583498010818 0.08182847280760167
0 0.7459273812858204 0.3369087013038368 0.14556758601209055 0.09158530235290643
0 0.7352796879376392 0.4464473425375388 0.1353295200111358 0.08437677434972919
0 0.8868967319382755 0.4391143092593559 0.1306965640117724 0.08898245373287819
0 0.8723609699236399 0.5471586343404338 0.13767327001113577 0.08441768465815472
0 0.7372501732575035 0.5456115454596382 0.11426304201145392 0.08635233157389965
0 0.7383212299093224 0.6549456351512127 0.13309485801240867 0.09371086404130366
0 0.8852235019096405 0.6500381724898807 0.13309485801240867 0.09371086404130366
0 0.8925718305617776 0.7569194180256538 0.14545849801081764 0.08221030235290634
0 0.739401377227914 0.7634984748427872 0.13772781401177206 0.08910518465815472
0 0.7289082252148691 0.8597558660764892 0.13292213534372674 0.07886711404130367
0 0.8788991345480962 0.8579188563372565 0.14009883601209056 0.09148984496658023
0 0.8801247325350516 0.9539716960288309 0.13977157200827223 0.0633648449665806
0 0.7324684825350516 0.9565490454596383 0.1475840720082724 0.06350121266133187