0 0.17421875 0.5015625 0.07421875 0.18046875
0 0.1703125 0.23828125 0.0671875 0.20703125
0 0.16796875 0.81953125 0.071875 0.1734375
0 0.1515625 0.98515625 0.065625 0.0296875
0 0.4671875 0.96875 0.1421875 0.0625
0 0.459375 0.86875 0.125 0.084375
0 0.4625 0.728125 0.1515625 0.0765625
0 0.45078125 0.6234375 0.1421875 0.0890625
0 0.44140625 0.4640625 0.13671875 0.09140625
0 0.43125 0.34765625 0.1609375 0.084375
0 0.41953125 0.23203125 0.15625 0.0890625
0 0.41796875 0.1203125 0.16328125 0.08671875
0 0.4328125 0.03359375 0.15859375 0.0671875
0 0.178125 0.0515625 0.0625 0.103125
0 0.74609375 0.0421875 0.13671875 0.084375
0 0.896875 0.040625 0.134375 0.08125
0 0.91484375 0.1546875 0.12734375 0.0796875
0 0.74140625 0.1453125 0.13671875 0.084375
0 0.73671875 0.2484375 0.13671875 0.084375
0 0.89765625 0.25390625 0.15625 0.09375
0 0.9078125 0.35703125 0.12265625 0.0796875
0 0.75 0.35 0.14453125 0.0890625
0 0.740625 0.459375 0.134375 0.08203125
0 0.8921875 0.4546875 0.1296875 0.08671875
0 0.87890625 0.5625 0.13671875 0.08203125
0 0.74375 0.55859375 0.11328125 0.084375
0 0.74609375 0.66796875 0.13203125 0.09140625
0 0.89296875 0.665625 0.13203125 0.09140625
0 0.9015625 0.77265625 0.14453125 0.0796875
0 0.7484375 0.7765625 0.13671875 0.08671875
0 0.7390625 0.87265625 0.13203125 0.0765625
0 0.8890625 0.8734375 0.1390625 0.0890625
0 0.89140625 0.96953125 0.1390625 0.0609375
0 0.74375 0.96953125 0.146875 0.0609375