0 0.4962008736547018 0.25390625 0.2013720630679506 0.146875
0 0.4911795415612167 0.43125 0.119561290942044 0.18515625
0 0.8448182719165095 0.509375 0.11880146567298447 0.2359375
0 0.957952779879091 0.49375 0.08409444024181809 0.1703125
0 0.5498202175350112 0.0296875 0.19964043507002244 0.059375
0 0.04624360731976358 0.0703125 0.09161391935425688 0.121875
0 0.23687722353086732 0.2046875 0.16632928308416126 0.21640625
0 0.1569864780789813 0.43515625 0.135734254548114 0.23046875
0 0.32223706637321026 0.8296875 0.20561441501103062 0.28828125
0 0.16462577356913935 0.85078125 0.13598896567298446 0.2359375
0 0.05456791521591847 0.68515625 0.049351490694375076 0.08671875
0 0.055920591808885665 0.5296875 0.06821280665780982 0.12265625
0 0.04762644065159385 0.38515625 0.06439644789030416 0.1078125
0 0.053540338708513754 0.24375 0.08965115901517466 0.11328125