0 0.6980789738807183 0.06379468221922749 0.08977955223856356 0.10459777110331836
0 0.692158765265148 0.2513628660666033 0.1141487884437538 0.16746596387914794
0 0.9376317175491401 0.23766242491233153 0.10909279624566963 0.1603528932622969
0 0.6762748999338869 0.7484151440697806 0.11270579715018095 0.18461255357072232
0 0.6377535532586758 0.9549949104077132 0.10137547150586901 0.0900101791845735
0 0.8487596523087362 0.9039089878185449 0.20857713986866325 0.07779158360249454
0 0.8320048422682562 0.9912377042383792 0.1961689931025951 0.01752459152324164
0 0.014130622598280221 0.9209670649348081 0.028261245196560442 0.07317049310014098
0 0.032396483351214714 0.8228023003243117 0.06479296670242943 0.07840346387914784
0 0.029054307864887753 0.7219119561685102 0.058108615729775506 0.08366766233702042
0 0.012153682723431028 0.611414786931631 0.024307365446862055 0.06345457386326192