0 0.41801093393541644 0.16501271428288974 0.07951142912609299 0.15285799310014117
0 0.3249455687661083 0.9849987808433749 0.12617311960011346 0.030002438313250224
0 0.08493812765911575 0.9783646320007943 0.09290675181409855 0.04327073599841143
0 0.11588553809606925 0.9038165211033183 0.15265626324684392 0.10104212296975738
0 0.2947917880960692 0.9069393413131323 0.1595238221398514 0.09647735389503395
0 0.2839410789329093 0.7974416103878557 0.18366072658635507 0.09455634374876425
0 0.28728927902557655 0.6920955913131323 0.1733407854793625 0.08969156574558709
0 0.29440731986241664 0.5829115060857847 0.16671876324684387 0.10128758482031053
0 0.2903696058899333 0.46728650608578465 0.17091518992586624 0.08730690543716157
0 0.29999508783376594 0.36283083116686254 0.18349703547936258 0.08986884374876425
0 0.27279269237293696 0.25460922808260744 0.1714881088003402 0.10371315543716157
0 0.27748513765628074 0.14304048254683432 0.17290427586071563 0.07719156574558705
0 0.27329365626060226 0.045370595777359156 0.1590873125212045 0.083977353895034
0 0.10343502404661713 0.03303641680124727 0.12952629809323427 0.06472279342445271
0 0.10717263765628074 0.14006766680124727 0.16020586841898704 0.11600860389503401
0 0.10466025126594436 0.2469898226454459 0.15309277286549078 0.11354212296975748
0 0.11489340153609684 0.36116141680124725 0.16889882213985136 0.09664099512873606
0 0.11176345625275304 0.4727574358759707 0.16412947658635507 0.094215424511885
0 0.1091965061600858 0.5781170917201693 0.17116072658635506 0.09433815543716158
0 0.11597727421625315 0.6828591387980701 0.14546132213985136 0.09623189204448082
0 0.11182054227242048 0.7874102711033183 0.15677084437236993 0.08471769358660844
0 0.717834929295729 0.813603767446575 0.10857888103285873 0.09090346387914786
0 0.7430854112395617 0.7094208279171564 0.15709822658635506 0.09409269358660843
0 0.7434450205880561 0.6079265117645323 0.16889882213985138 0.09664099512873606
0 0.7450943114248961 0.49864696915085843 0.1668006088003402 0.10363133482031053
0 0.7549033980775357 0.9360515117645323 0.1890302728654909 0.1141694143656153
0 0.7247594748570745 0.38586059699187986 0.1618675721398514 0.09651826420345948
0 0.7241195793962454 0.2781026440697805 0.179546145460829 0.1108807731319132
0 0.7200818654237622 0.16247764406978055 0.169389895460829 0.11070349512873601
0 0.7031175655164293 0.05677706898870265 0.13732143992586626 0.08672052434972924
0 0.8882738155164294 0.06000898335431794 0.17107888103285873 0.09199440543716156
0 0.9068824609772583 0.1680805819743462 0.16704614546082935 0.11066258482031052
0 0.9087946797590651 0.28991467166592066 0.17712054990733286 0.10849611282348767
0 0.9086260433687288 0.39687773781854485 0.16437501324684406 0.101246674511885
0 0.919830138879816 0.5071976290522469 0.16033972224036788 0.101246674511885
0 0.920718043642806 0.6203970584353958 0.15856391271438816 0.09178985389503395
0 0.9201407935057674 0.7250845584353958 0.15971841298846529 0.09898474512873605
0 0.9280370059594338 0.8259749025911972 0.1439259880811324 0.08940519358660844
0 0.9283792736991149 0.9282368319743461 0.14324145260177018 0.12057337296975738