0 0.41985023531769156 0.15541264520298093 0.08127788688926821 0.15199429205628184
0 0.3364002278695843 0.9811216932111911 0.12656465405277598 0.03432097872636959
0 0.09633815404826673 0.9778295633299123 0.09340755169541107 0.04350053600615737
0 0.12640233560363265 0.9018528706097007 0.15380355024766904 0.0993056292921036
0 0.30530858560363267 0.9008120244950844 0.16061647642635143 0.0946590359079618
0 0.29318311310622264 0.7914779311109428 0.18472606451569265 0.09245618647369583
0 0.29530207712657724 0.6859682744950844 0.17435149069437506 0.08770959913967821
0 0.30114535462916725 0.5765296419815271 0.16786605024766904 0.09938744252382001
0 0.2957600337033338 0.4609046419815271 0.17189857878371625 0.08535221360105893
0 0.30416538502724133 0.3561398739293503 0.18450774069437514 0.08776868647369582
0 0.2757064371369372 0.24846372931554458 0.17266271215832782 0.10175846360105893
0 0.2790968027288684 0.1366949823406067 0.17376929383752823 0.07520959913967835
0 0.27376713978475226 0.0400613977370637 0.16003427956950456 0.0801227954741274
0 0.10379924214211714 0.03113750680638973 0.13025473428423426 0.06227501361277946
0 0.10878430272886838 0.13768583148028504 0.1615261590151747 0.11419028590796176
0 0.10751936331561959 0.24475344291660353 0.15438574710451586 0.11180562929210344
0 0.11908190963434721 0.3587795814802851 0.16999147642635143 0.09471357806243948
0 0.11725404404241602 0.4705392380961433 0.16519481451569268 0.09234255698520073
0 0.11591633002206136 0.5760443495324619 0.17222606451569264 0.09238346360105894
0 0.12391722869815383 0.6807136688143025 0.14655397642635143 0.09457722267624505
0 0.12098062737424627 0.7854466206097006 0.1577269168730575 0.08292665036934217
0 0.7271771234453048 0.7975491064663489 0.10961690260503384 0.08967609923787415
0 0.7512074747692125 0.6926934348233759 0.15816356451569274 0.09230165036934235
0 0.7503833753073316 0.5911082089256767 0.16999147642635143 0.09471357806243948
0 0.7507579028099217 0.4817013926688981 0.16797521215832772 0.10173119252382001
0 0.7656660427995617 0.9192332089256767 0.19032324710451592 0.11201470755093475
0 0.7291118810982999 0.36929684143923414 0.16296022642635144 0.09467267144658109
0 0.7272154332079958 0.2614661607210749 0.1808026978903042 0.10883516539645707
0 0.7218301122821623 0.14584116072107492 0.17064644789030403 0.10877607806243947
0 0.703636576302517 0.0415140321068376 0.13830482878371625 0.0830280642136752
0 0.888792826302517 0.0421961640114232 0.17211690260503404 0.0843923280228464
0 0.908658024192821 0.14709861281106057 0.1683026978903044 0.10876244252382006
0 0.9114079002786276 0.26898724834968 0.17718419944274472 0.10647777985783762
0 0.9130695041338293 0.37604122424737907 0.16552230024766884 0.09937380698520064
0 0.9224069819054789 0.4861429320929013 0.1551860361890423 0.09937380698520056
0 0.9239823483237248 0.5994514531701401 0.15203530335255025 0.08997153590796181
0 0.9239946762287771 0.7041389531701402 0.15201064754244592 0.09705732806243947
0 0.9325055067185998 0.8048838417338218 0.1349889865628004 0.08761415036934217
0 0.9333531270657872 0.9072548628110606 0.13329374586842563 0.11883687929210325