0 0.4393853302359675 0.9212339413987696 0.2174101319268694 0.07436584269572606
0 0.7183279675395204 0.9236980594366315 0.22714900496239868 0.08228743069699859
0 0.7185334828410014 0.835371356102768 0.20000430810555195 0.06947834802672617
0 0.42352919789481336 0.8421004247294516 0.2314726319268694 0.07452947469763486
0 0.4603079139820826 0.757325982733906 0.24946065260503386 0.09191696936663477
0 0.7152501251069531 0.7548207901018135 0.23418025496239886 0.08236924669795301
0 0.7232317531048811 0.6673662434356771 0.23550516046291675 0.06052151869827131
0 0.44990341501553993 0.6618407600652242 0.2392851319268694 0.07462038136536223
0 0.46388033188859745 0.5799276887332697 0.22465970574818708 0.07913515869668046
0 0.7005263072814916 0.5842446607654045 0.23183650496239866 0.08234197469763486
0 0.7102523717971841 0.4929020454328136 0.24902400496239885 0.08254196936663476
0 0.7021916228306415 0.3974440947644501 0.24631638192686936 0.07470219736631671
0 0.45204607361642973 0.3976600813971789 0.2414105581055519 0.06996015336568036
0 0.44831529797586667 0.49454417206395157 0.2534567938375282 0.0771277633672712
0 0.47032950082856956 0.3071987133990879 0.24642554383752824 0.07704594736631662
0 0.7319390889179107 0.3125878367679499 0.21777400496239885 0.08217834269572588
0 0.7289468296122859 0.22578727076699537 0.23136347001621066 0.07218572469763496
0 0.4806184915229446 0.22055268873326966 0.24876929383752824 0.07707321936663485
0 0.4470847076102139 0.134960086728179 0.15981595574818708 0.07838063335454448
0 0.6947773449137667 0.137060578095132 0.22689429383752824 0.0768186806969986
0 0.6840817475188007 0.047825355426450264 0.22667597001621065 0.07213118069699861
0 0.4651134236974831 0.04996746873008799 0.17923804383752823 0.07626415002386253
0 0.023225406743372277 0.97421875 0.046450813486744555 0.0515625