0 0.48203125 0.915625 0.2140625 0.071875
0 0.7609375 0.91484375 0.2234375 0.0796875
0 0.75703125 0.8265625 0.196875 0.0671875
0 0.4625 0.83671875 0.228125 0.071875
0 0.4953125 0.7515625 0.2453125 0.0890625
0 0.75 0.74609375 0.23046875 0.0796875
0 0.75390625 0.65859375 0.2328125 0.0578125
0 0.48046875 0.65625 0.2359375 0.071875
0 0.490625 0.57421875 0.22109375 0.0765625
0 0.72734375 0.57578125 0.228125 0.0796875
0 0.7328125 0.484375 0.2453125 0.0796875
0 0.7203125 0.3890625 0.24296875 0.071875
0 0.4703125 0.3921875 0.23828125 0.0671875
0 0.47109375 0.4890625 0.25 0.07421875
0 0.484375 0.3015625 0.24296875 0.07421875
0 0.74609375 0.30390625 0.2140625 0.0796875
0 0.7390625 0.2171875 0.228125 0.06953125
0 0.490625 0.21484375 0.2453125 0.07421875
0 0.453125 0.1296875 0.15625 0.0765625
0 0.70078125 0.12890625 0.2234375 0.07421875
0 0.6859375 0.03984375 0.2234375 0.06953125
0 0.4671875 0.04453125 0.17578125 0.07421875
0 0.0453125 0.97421875 0.090625 0.0515625