0 0.4683371579588863 0.55859375 0.20886374491161736 0.0796875
0 0.7097434079588864 0.55859375 0.2059844063770065 0.084375
0 0.08910668136463465 0.5375 0.1266244549975256 0.090625
0 0.09901278437142384 0.9203125 0.10479372060135783 0.0765625
0 0.2789050022592482 0.92421875 0.2158949949116174 0.0796875
0 0.5055427453618433 0.95546875 0.21379690637700666 0.084375
0 0.7892593260945379 0.9578125 0.2137969063770065 0.084375
0 0.9689029145454924 0.96484375 0.062194170909015155 0.06953125
0 0.7681546149925769 0.271875 0.22871922150586882 0.10078125
0 0.974812971505869 0.25078125 0.050374056988261987 0.0984375
0 0.9289814931025951 0.10703125 0.14203701379480976 0.0890625
0 0.6396533994796016 0.115625 0.24775914857509046 0.09140625
0 0.125921770126388 0.10703125 0.24578389077317436 0.0984375
0 0.21223880766563058 0.2484375 0.2119444793077851 0.09375
0 0.4665954370188442 0.25703125 0.22354039857509048 0.09140625
0 0.03793484848423344 0.26171875 0.052449970601357844 0.0765625