0 0.4390625 0.55859375 0.2046875 0.0796875
0 0.68046875 0.55859375 0.2015625 0.084375
0 0.0609375 0.5375 0.121875 0.090625
0 0.05078125 0.9203125 0.10078125 0.0765625
0 0.23046875 0.92421875 0.21171875 0.0796875
0 0.45546875 0.95546875 0.209375 0.084375
0 0.7390625 0.9578125 0.209375 0.084375
0 0.94453125 0.96484375 0.1109375 0.06953125
0 0.75390625 0.271875 0.2234375 0.10078125
0 0.96953125 0.25078125 0.0609375 0.0984375
0 0.92734375 0.10703125 0.1453125 0.0890625
0 0.63359375 0.115625 0.24296875 0.09140625
0 0.1203125 0.10703125 0.240625 0.0984375
0 0.19921875 0.2484375 0.20703125 0.09375
0 0.453125 0.25703125 0.21875 0.09140625
0 0.02421875 0.26171875 0.0484375 0.0765625