0 0.44453125 0.78515625 0.1921875 0.0890625
0 0.7046875 0.79296875 0.16796875 0.08671875
0 0.13203125 0.78984375 0.196875 0.0890625
0 0.26328125 0.42421875 0.0890625 0.19921875
0 0.14765625 0.421875 0.0984375 0.2046875
0 0.03828125 0.415625 0.0765625 0.20703125
0 0.64296875 0.44453125 0.0890625 0.21171875
0 0.75234375 0.4359375 0.08203125 0.19921875
0 0.85703125 0.4328125 0.0890625 0.20703125
0 0.95546875 0.4578125 0.084375 0.19921875
0 0.95546875 0.14296875 0.0796875 0.2046875
0 0.85234375 0.14921875 0.0796875 0.1875
0 0.74609375 0.13828125 0.0796875 0.2046875
0 0.6578125 0.1359375 0.084375 0.19921875
0 0.43515625 0.1265625 0.08203125 0.2046875
0 0.33203125 0.13828125 0.08671875 0.2046875
0 0.2390625 0.134375 0.0796875 0.21171875
0 0.146875 0.14296875 0.0765625 0.15625
0 0.04453125 0.12109375 0.0890625 0.18984375