0 0.38503566699308045 0.7929155718313717 0.19893625269929238 0.09241714529089187
0 0.6445999211422653 0.8052691160666032 0.17453990394404784 0.08965065543716158
0 0.08699617291611879 0.7921483640413036 0.17399234583223758 0.09249896590774291
0 0.231135875300739 0.4288143413131323 0.10415839419578551 0.20077334172016936
0 0.11568847405598352 0.4244523494308071 0.11394779129135615 0.20640573295387146
0 0.02645613287996798 0.41629320170428336 0.05291226575993596 0.2083676534085667
0 0.6092841860886197 0.45575431127806487 0.10510558755708974 0.21327334172016937
0 0.7193103815245163 0.4490697090045887 0.09712714419578568 0.2006506107948928
0 0.8242346798648423 0.44777203611426153 0.10475039004660083 0.20858584172016936
0 0.9207777931422338 0.47449026906813285 0.09947089419578532 0.2006915211033183
0 0.9446352259300834 0.1596465190681329 0.09519779129135628 0.2060784504864673
0 0.8410366292494311 0.16409646549741047 0.09389540041956294 0.18889095048646737
0 0.7356154234405723 0.15130436484878734 0.09519779129135628 0.20607845048646736
0 0.6475117721958169 0.14741965989809314 0.09947089419578567 0.20069152110331837
0 0.42556591721679504 0.13415818059766968 0.0975415412913561 0.20611936079489285
0 0.3215529234405724 0.14407687702694724 0.1022290412913561 0.20620118141174384
0 0.22888017136597996 0.13854785145940202 0.09573058755708974 0.21310970048646735
0 0.1360414759300833 0.14553246266133196 0.08840241701630239 0.1575864034085667
0 0.043539656949884674 0.12187104586008468 0.08707931389976935 0.19139834172016937