0 0.261549547919744 0.5762512279599109 0.09408944717152004 0.20798577001113577
0 0.410374913817699 0.6885046852721391 0.15702281570031093 0.0955135893539083
0 0.5448695531108287 0.497224609922049 0.08020125241907436 0.22421929734245408
0 0.6353202478632742 0.5125672519096405 0.08957625241907437 0.22432838534372693
0 0.7336590373258132 0.49971216856305023 0.0869594866340588 0.21961361334340862
0 0.8246557636482897 0.5056798105506417 0.0869594866340588 0.21961361334340862
0 0.9184057636482897 0.504588930537915 0.09738875241907437 0.2244192920114539
0 0.11777716111627592 0.6185216386457737 0.08361467875566855 0.20239884134309047
0 0.2667353897872399 0.32636031596118364 0.08943974452656667 0.22198463534372675
0 0.13625195825956107 0.3817483446451374 0.09449897084904332 0.2150170200111358
0 0.07853699676439548 0.16154547998886418 0.15707399352879095 0.10033744935549897
0 0.08631867566123834 0.05286991398790965 0.17263735132247668 0.09570449335613532
0 0.4155504483009147 0.974968896602503 0.0816441131259447 0.03452099801081765
0 0.5051666851467351 0.9778297199236399 0.07369510523343692 0.03208634134309065
0 0.5980899325158993 0.977529180577686 0.05954159997176518 0.03036020934118149
0 0.685726440408407 0.974167275899141 0.07383161312594488 0.03443009134309065