0 0.3223118792362731 0.5848421988616141 0.09167388544152608 0.20846311079489296
0 0.4830931755550007 0.7016184159871731 0.15592897642635145 0.09639553327818291
0 0.597688560791639 0.5139292755642499 0.07759426881613755 0.22461026217486477
0 0.6898589441662505 0.5319310275928448 0.08696926881613756 0.2247739034085665
0 0.7869693846129565 0.521916873777241 0.08440719499481997 0.22004549310014115
0 0.8787031203449329 0.530543625805836 0.08440719499482015 0.22004549310014115
0 0.962531117968432 0.5321800381428563 0.07493776406313586 0.2249102711033185
0 0.18279776902102537 0.6229989435866086 0.0812629243166556 0.20281708279171565
0 0.3012929420993359 0.3346785576279122 0.08686010690547885 0.2224301534085667
0 0.17645991604448802 0.3863620142034595 0.09200137117350246 0.21549436079489287
0 0.08959980913900917 0.16393186079489283 0.167866050247669 0.10128758482031053
0 0.09157322394515208 0.05546084172016937 0.17233522642635143 0.09668190543716156
0 0.5183223159589255 0.9856133226446222 0.08125215405277579 0.028773354710755684
0 0.6083480024766901 0.9889705913131323 0.07333049214211726 0.02205881737373545
0 0.7013531397802432 0.9906245945595431 0.059195217535011224 0.018750810880913703
0 0.7887439778695844 0.9891784506875144 0.07343965405277597 0.021643098624971203