0 0.029386278833830097 0.7193772560073178 0.058772557667660194 0.2078948633434088
0 0.10764440864031415 0.7204408640197263 0.08429087008095948 0.1930511133434088
0 0.19399466644223023 0.7284811780314986 0.07960337008095948 0.19299656934277215
0 0.28293433570953563 0.7318612640435889 0.08453653154634874 0.19773861334340878
0 0.37931469075248975 0.7275106660566337 0.08416803934826485 0.1907073633434086
0 0.4657468357095357 0.7339884800684059 0.07516153154634875 0.1976295253421359
0 0.5903418012225108 0.5790929894175416 0.15351782564431193 0.08376756735358999
0 0.7332485962249852 0.6714361254375861 0.0831444499091429 0.1711761133434086
0 0.7296345160581175 0.8746429414385407 0.0793577086155702 0.18830906934277242
0 0.8894045844663403 0.9824708860598154 0.12112472749876275 0.03505822788036923
0 0.85709113071201 0.8292224481221762 0.09407862788287566 0.18613804201145392
0 0.8673270251032289 0.6339099481221762 0.08367671641748657 0.1813323633434086
0 0.5813850395754074 0.242846406747269 0.08243844301173801 0.20239884134309047
0 0.49405213591193425 0.25355609273549684 0.07627697421940241 0.17421929734245412
0 0.4069206281100183 0.24550668805695192 0.08379954715018094 0.18367611334340864
0 0.31362100746323185 0.23582205804422526 0.08074979025277607 0.21487156934277235
0 0.22451756388566696 0.2355669720321349 0.07886638568479169 0.1789340693427723
0 0.14285480608375084 0.22758120202099902 0.08404520861557022 0.18836361334340862
0 0.044335418928621105 0.22799827800763603 0.08343105495209709 0.17664486334340862
0 0.7713659876755281 0.12310771343885878 0.08392237788287567 0.18601986334340861
0 0.8555329477614364 0.11314291478354008 0.0669019742194024 0.17411020934118143
0 0.954093278494131 0.1119445887969031 0.08663462008095948 0.19307838534372684