0 0.041360422082843615 0.7193772560073178 0.07783249391092005 0.2078948633434088
0 0.1327666720828436 0.7204408640197263 0.07757339529089183 0.1930511133434088
0 0.2193626911575671 0.7284811780314986 0.07288589529089184 0.19299656934277215
0 0.3083842808491416 0.7318612640435889 0.07765521590774283 0.19773861334340878
0 0.4045734882354678 0.7275106660566337 0.07753248498246634 0.1907073633434086
0 0.4911967808491415 0.7339884800684059 0.06828021590774291 0.1976295253421359
0 0.6103303847441757 0.5790929894175416 0.15065061079489298 0.08376756735358999
0 0.7564047694850558 0.6714361254375861 0.0771915657455871 0.1711761133434086
0 0.7598904594215117 0.8746429414385407 0.07280407467404082 0.18830906934277242
0 0.9235654013865624 0.9824708860598154 0.11954093262956 0.03505822788036923
0 0.8857086655900218 0.8292224481221762 0.0876069143656153 0.18613804201145392
0 0.8891178579588143 0.6339099481221762 0.07736884374876425 0.1813323633434086
0 0.5896316956184986 0.242846406747269 0.07539328652459396 0.20239884134309047
0 0.5027083940763711 0.25355609273549684 0.07021486282348768 0.17421929734245412
0 0.41533112500164765 0.24550668805695192 0.07740975405718978 0.18367611334340864
0 0.3217311294658745 0.23582205804422526 0.07326772483619663 0.21487156934277235
0 0.23265499269639936 0.2355669720321349 0.07264043344033873 0.1789340693427723
0 0.15074647362167587 0.22758120202099902 0.07749157467404082 0.18836361334340862
0 0.052281700082725535 0.22799827800763603 0.07728702313191324 0.17664486334340862
0 0.7753527816566251 0.12310771343885878 0.07745066436561529 0.18601986334340861
0 0.8591374464292777 0.11314291478354008 0.060839862823488036 0.17411020934118143
0 0.957615856737703 0.1119445887969031 0.07991714529089186 0.19307838534372684