0 0.1202721113034213 0.6598892431001412 0.0853140591703934 0.19344208279171565
0 0.2271776751653917 0.6711188437487643 0.10953280917039339 0.19386482264544594
0 0.3209276751653917 0.6727552560857847 0.0896737772394082 0.1888364034085667
0 0.41856749967102386 0.6853837155007058 0.09465620818165768 0.21545345048646727
0 0.5136614783837004 0.6839224013766765 0.09103953528517987 0.2083676534085665
0 0.6086844012801782 0.6926037004831721 0.08765780917039337 0.19348299310014117
0 0.7033413374182078 0.6848923863591427 0.10686663107813547 0.22268925202859488
0 0.8963597278794972 0.543906696422687 0.09378212303236388 0.20295345048646746
0 0.9687780166587718 0.5321391278344308 0.06244396668245642 0.21535799310014117
0 0.9631608267061512 0.26900788229865774 0.07367834658769752 0.2224301534085667
0 0.865432883928127 0.2913311213416091 0.08902892105489216 0.24656708279171563
0 0.6866958787323469 0.32410489082336963 0.08297030917039336 0.1934011724832901
0 0.48842226969783964 0.3229849013766765 0.10119578528517988 0.20854493141174385
0 0.39641508615770005 0.31279564934808163 0.1023430220436281 0.22495118141174383
0 0.3035884477900975 0.2908876473194867 0.09749163107813548 0.2225256107948929
0 0.1946340648703766 0.3061523628234878 0.09235066300912073 0.22711765340856668
0 0.10291645843375925 0.28894549756436805 0.09498399011264289 0.22014095048646737