0 0.08954768968260471 0.65859375 0.0763482137152085 0.1921875
0 0.19601589522968807 0.66796875 0.1005669637152085 0.1921875
0 0.28976589522968804 0.66796875 0.08092661094166687 0.1875
0 0.38689546836795197 0.67890625 0.0846698599917362 0.2140625
0 0.48213523318559093 0.67578125 0.08138120583142375 0.20703125
0 0.5768301373459034 0.6828125 0.07869196371520851 0.1921875
0 0.67192443179882 0.6734375 0.09655226415204883 0.22109375
0 0.8716854296146185 0.52890625 0.08437891926229177 0.2015625
0 0.9580950550895839 0.515625 0.07920110999173602 0.2140625
0 0.9598533044498178 0.25234375 0.08029339110036453 0.22109375
0 0.8525308136389587 0.2765625 0.07758471181534717 0.2453125
0 0.6721172682361114 0.3125 0.0740044637152085 0.1921875
0 0.47373431962288226 0.31484375 0.09153745583142374 0.20703125
0 0.38212804787138915 0.30625 0.09191931553881964 0.2234375
0 0.29024901918604196 0.2859375 0.08717726415204882 0.22109375
0 0.18049281268902803 0.303125 0.08181761692559046 0.22578125
0 0.08950413677722246 0.2875 0.08477896276527797 0.21875