0 0.051534526263117594 0.7878999757995031 0.10306905252623519 0.11407665641946654
0 0.055250310381863454 0.29024372579950314 0.07481387117350247 0.2144397499018041
0 0.13797076509659317 0.30948006001026274 0.07281903163641919 0.2722249788245653
0 0.2239446524001461 0.3091987797596417 0.07458058477957233 0.2597386143631848
0 0.30515826509659316 0.31045272843178184 0.07937724669023112 0.26210963544042354
0 0.39432992700725195 0.30862712889932 0.07937724669023112 0.26210963544042354
0 0.5397879762214637 0.30634753229372447 0.07648768713693724 0.25037724990180416
0 0.6130071524001461 0.31146227917046654 0.08330061331561964 0.24573065651766246
0 0.7081013285788285 0.3167042910743232 0.07583271567298447 0.23631474990180418
0 0.7884973039717227 0.31873494456692353 0.08297312758364317 0.23869940651766247
0 0.8595375500427813 0.3035190107255063 0.07514135690547903 0.22147099990180416
0 0.938351754757511 0.3227326190385668 0.08699069354707803 0.2746505420562818
0 0.11756383416490898 0.931822562401804 0.06886777812176255 0.13635487519639183
0 0.19428900000450922 0.9451334862890246 0.06766699710451585 0.10973302742195087
0 0.2680175984329326 0.939090291958086 0.07293669396136275 0.121819416083828
0 0.35639089371820293 0.9205948220123152 0.07468328453190339 0.15881035597536944
0 0.43982197787860267 0.90755787541258 0.07357670285270287 0.18488424917483998
0 0.5210163198968853 0.9257584295691104 0.0765903868892682 0.14848314086177936
0 0.6049375556288616 0.9189703466744901 0.0772453583532208 0.16205930665101995
0 0.6894944921466264 0.91530271860033 0.0822967313887503 0.16939456279934006
0 0.773270178664391 0.9116475897699043 0.07719185442427942 0.17670482046019131
0 0.8485976643963674 0.9050218668236205 0.08327918858467953 0.18995626635275897