0 0.045136889075765026 0.7878999757995031 0.09027377815153005 0.11407665641946654
0 0.05017596854005093 0.29024372579950314 0.078561498301957 0.2144397499018041
0 0.13256816394425908 0.30948006001026274 0.07757879163898189 0.2722249788245653
0 0.21855572871908374 0.3091987797596417 0.0791215052417873 0.2597386143631848
0 0.29975566394425907 0.31045272843178184 0.08395919956626133 0.26210963544042354
0 0.38896835826873305 0.30862712889932 0.08395919956626133 0.26210963544042354
0 0.5344811173680316 0.30634753229372447 0.08086447794389144 0.25037724990180416
0 0.6076182287190838 0.31146227917046654 0.08759533929494338 0.24573065651766246
0 0.7026303400701358 0.3167042910743232 0.07996331199704745 0.23631474990180418
0 0.7829989605204865 0.31873494456692353 0.08714475632152148 0.23869940651766247
0 0.8543127560169796 0.3035190107255063 0.07901208127537913 0.22147099990180416
0 0.9327987014211878 0.3227326190385668 0.0917914859634557 0.2746505420562818
0 0.10126028840900461 0.931822562401804 0.0712613355943156 0.13635487519639183
0 0.17775293723698538 0.9451334862890246 0.06960919802510177 0.10973302742195087
0 0.2515909554355827 0.939090291958086 0.07509773442229636 0.121819416083828
0 0.34029251003137456 0.9205948220123152 0.07750084361388013 0.15881035597536944
0 0.42395611120339377 0.90755787541258 0.07685929595791845 0.18488424917483998
0 0.5048358713824266 0.9257584295691104 0.07924381631598401 0.14848314086177936
0 0.5888802043558485 0.9189703466744901 0.080144982262828 0.16205930665101995
0 0.6735055282299719 0.91530271860033 0.08533313001107459 0.16939456279934006
0 0.7573496021040951 0.9116475897699043 0.08036502775932135 0.17670482046019131
0 0.832800185077517 0.9050218668236205 0.0866848789313405 0.18995626635275897