0 0.75234375 0.1453125 0.10078125 0.0796875
0 0.7484375 0.2484375 0.103125 0.0796875
0 0.7515625 0.33984375 0.0984375 0.06015625
0 0.74609375 0.41796875 0.0984375 0.0671875
0 0.63125 0.4546875 0.1078125 0.0625
0 0.49375 0.4640625 0.09375 0.0625
0 0.37109375 0.475 0.0984375 0.06015625
0 0.2515625 0.4734375 0.103125 0.0625
0 0.1421875 0.4796875 0.1109375 0.06015625
0 0.13671875 0.40234375 0.10078125 0.06953125
0 0.140625 0.3265625 0.0984375 0.0671875
0 0.14453125 0.26171875 0.08203125 0.0578125
0 0.13671875 0.18359375 0.10078125 0.07421875
0 0.134375 0.103125 0.09140625 0.0625
0 0.7859375 0.03359375 0.04296875 0.0671875
0 0.2046875 0.5796875 0.10546875 0.0578125
0 0.1203125 0.70078125 0.0484375 0.146875
0 0.1734375 0.7078125 0.0484375 0.13671875
0 0.22578125 0.7078125 0.04296875 0.146875
0 0.2765625 0.696875 0.04296875 0.14921875
0 0.33203125 0.703125 0.0484375 0.1515625
0 0.38671875 0.71171875 0.03828125 0.1296875
0 0.44140625 0.71875 0.0453125 0.134375
0 0.49296875 0.7046875 0.04296875 0.14921875
0 0.5484375 0.69609375 0.053125 0.15625
0 0.60546875 0.70078125 0.04296875 0.1515625
0 0.6609375 0.69609375 0.0484375 0.13671875
0 0.7171875 0.7078125 0.0453125 0.1421875
0 0.83984375 0.709375 0.0359375 0.1203125
0 0.8953125 0.69453125 0.040625 0.1296875
0 0.946875 0.6875 0.04296875 0.134375
0 0.9890625 0.70078125 0.021875 0.13203125
0 0.0109375 0.7140625 0.021875 0.14453125