0 0.18107762415097847 0.10601767496262263 0.11041586829088237 0.041252234776493646
0 0.13522610117201922 0.01295286077824881 0.044670952344038464 0.02590572155649762
0 0.1979134731635294 0.16140915691044588 0.10368500693983033 0.045898828160635306
0 0.187936498301957 0.21304892496262262 0.10557817396640834 0.03888121369925477
0 0.18934760641380652 0.27165631050124206 0.10572836829088236 0.04122496369925477
0 0.3307130860557409 0.30678476854315606 0.1155842296419344 0.036596551033272286
0 0.4995632156053903 0.3073655097625574 0.1207223126153563 0.04365507211051121
0 0.7407389281284615 0.31455934446429623 0.11071625693983034 0.0459397347764936
0 0.8575666802879297 0.2716764319947055 0.09650356261535649 0.04351417154477701
0 0.8493245812753789 0.21623495307194435 0.10119106261535613 0.04354144262201594
0 0.8427951765873021 0.16312813379010355 0.11872901603912886 0.0491101865718917
0 0.8349838741509785 0.10221335968780261 0.11071625693983016 0.0459397347764936
0 0.8719949159468439 0.011594467509883789 0.047114831893687634 0.023188935019767577
0 0.06378280921927032 0.4708983072797882 0.04912671730343325 0.09634373487468953
0 0.19034530921927034 0.4701619881943392 0.05086969000553734 0.08698237041330899
0 0.24722636489479638 0.4674864400879331 0.04678296730343323 0.09633009933607006
0 0.30478854102067304 0.4632438468019872 0.05132027297895929 0.09401362041330899
0 0.36615683759690043 0.4574160276183424 0.05928296730343323 0.09640282220870695
0 0.46035742057032236 0.4639018560735654 0.048525940005537296 0.08696873487468934
0 0.5156759762458483 0.46123539832623894 0.04942710595238111 0.10103123487468935
0 0.5970761705703224 0.4631064496540988 0.05459546730343323 0.09637555113146803
0 0.6594958274178676 0.4736848804704539 0.04573160703211539 0.07992384933607007
0 0.7219958274178676 0.47332126610726916 0.050719495681063265 0.08463862041330898
0 0.7761326148947963 0.46440935353948254 0.05117007865448535 0.09166987041330898
0 0.8373006523717251 0.45545653435583766 0.05474566162790708 0.09871930113146803
0 0.9583443375969004 0.45397078152716724 0.051470467303433055 0.09635737041330898
0 0.9936683877607055 0.44585829967753987 0.01266322447858883 0.0916289637974506
0 0.1536601441952771 0.8001858314802851 0.11638526603912895 0.04909655103327211
0 0.49556704194352363 0.8060120880213886 0.11041586829088246 0.04125223477649378
0 0.6832265306847567 0.8439973804704539 0.11618500693983033 0.04597155103327211
0 0.9661327033822454 0.845336124911309 0.06773459323550916 0.04909655103327211
0 0.8819131569952035 0.9077093807650414 0.10572836829088246 0.04122496369925486
0 0.6897256569952035 0.9088274949318345 0.09665375693983033 0.04585792154477701
0 0.41439498996862556 0.9174631933093871 0.10872296036360293 0.0513948492378745
0 0.2830961227574773 0.8564853075743759 0.10822231261535631 0.0435823492378745