0 0.05595307945921265 0.055371028639894106 0.061531341081574695 0.11074205727978821
0 0.04529715414454049 0.1957437711754347 0.06389932448483518 0.14249657220870704
0 0.8567343294592128 0.05304162412574207 0.06153134108157445 0.10608324825148414
0 0.8475933599533991 0.20200882660851122 0.06657403859206354 0.11596134328594587
0 0.07772745538465158 0.38609606040304617 0.12199432178554281 0.053811322110511206
0 0.0857991418974785 0.4547687923508694 0.10967192054078737 0.05608234923787414
0 0.06286928214457185 0.5306500363007453 0.12036096680652097 0.06317268657189175
0 0.05862701695340716 0.6087659459416657 0.11725403390681433 0.056127801033272286
0 0.20214250185087784 0.6610319070086417 0.1292031705407874 0.05619597872636941
0 0.3833333022657963 0.6607586753554061 0.13136932178554286 0.05386586426498887
0 0.6385769093194107 0.6725491064663488 0.1252260655617654 0.06554370764913049
0 0.7818705037249776 0.3788758536376784 0.12252711805127632 0.06084257211051112
0 0.7793239989510928 0.4640093777399793 0.12540366431700994 0.06788745764913066
0 0.7776062883683492 0.5382054018422803 0.11219326929603177 0.0584397347764936
0 0.7743852773706871 0.6116292663036609 0.1073281705407874 0.056068713699254855
0 0.9120466076550923 0.856032730395699 0.054606834857797534 0.12291987041330898
0 0.8520204122191956 0.8649719140407246 0.06295213112353082 0.12999657220870695
0 0.7186751159534621 0.8727758445624921 0.06642067324007961 0.14485395774732623
0 0.6541390192728099 0.8793985492847565 0.06277453236828645 0.12765282220870694
0 0.5886440738369133 0.8883695491865605 0.057554236102552815 0.12059430113146803
0 0.5261440738369133 0.8887331635497453 0.06076174647551511 0.10109032220870731
0 0.46255517051756545 0.8828558682720097 0.06043078236828645 0.12763918667008767
0 0.37726886595346204 0.8747620880213886 0.061733173240079785 0.14482668667008766
0 0.31555011595346205 0.8751211572050334 0.0625969336130419 0.1253090722087073
0 0.21530166221919567 0.8686762353656687 0.07303752614450916 0.1394261143631848
0 0.1458412671982175 0.878451211165172 0.060608381123530994 0.12998293667008767
0 0.0820272209324839 0.8858506207078964 0.058264631123530995 0.12996930113146804
0 0.02656991897323205 0.8901068495324618 0.0531398379464641 0.13234032220870695