0 0.06015625 0.05546875 0.053125 0.1109375
0 0.06015625 0.19609375 0.053125 0.1421875
0 0.8609375 0.05546875 0.053125 0.1109375
0 0.86328125 0.20703125 0.0578125 0.115625
0 0.10703125 0.38671875 0.11796875 0.053125
0 0.1203125 0.45546875 0.10546875 0.05546875
0 0.103125 0.53125 0.115625 0.0625
0 0.1046875 0.609375 0.11328125 0.05546875
0 0.25234375 0.6625 0.125 0.05546875
0 0.43359375 0.66328125 0.12734375 0.053125
0 0.68984375 0.6765625 0.1203125 0.06484375
0 0.8109375 0.38359375 0.11796875 0.06015625
0 0.81484375 0.46875 0.1203125 0.0671875
0 0.81875 0.54296875 0.1078125 0.0578125
0 0.82109375 0.61640625 0.103125 0.05546875
0 0.97734375 0.86171875 0.0453125 0.12265625
0 0.91796875 0.8703125 0.053125 0.1296875
0 0.78515625 0.87734375 0.05546875 0.14453125
0 0.72109375 0.88359375 0.053125 0.12734375
0 0.65625 0.8921875 0.0484375 0.1203125
0 0.59375 0.8921875 0.053125 0.10078125
0 0.5296875 0.8859375 0.05078125 0.12734375
0 0.44375 0.87734375 0.05078125 0.14453125
0 0.38203125 0.87734375 0.053125 0.125
0 0.28125 0.8703125 0.0625 0.1390625
0 0.2125 0.8796875 0.05078125 0.1296875
0 0.14921875 0.88671875 0.0484375 0.1296875
0 0.0890625 0.890625 0.053125 0.13203125