0 0.055710161417225 0.2605193293284548 0.07000761452679147 0.16161020934118148
0 0.122116411417225 0.2597466226527734 0.06297636452679148 0.1615283933402269
0 0.4592808342330974 0.027469377307455734 0.15606166846619485 0.05493875461491147
0 0.07786061640089126 0.43932558199395483 0.07146337075056879 0.14991873134149963
0 0.07215079358966318 0.8592931839990456 0.026257614526791474 0.1611011320019089
0 0.11697804151507074 0.8626812659930003 0.06677587075056879 0.14986418734086335
0 0.19420339234490772 0.8602187899825008 0.07270656203728051 0.16632498134149962
0 0.26098815064327746 0.843802901973274 0.07303752614450917 0.13978975334181776
0 0.3218287170302355 0.7179847419637289 0.14926721680652094 0.06418177335295354
0 0.3111145147458617 0.6281864452975926 0.1322573155617655 0.06632552868395365
0 0.46338740976683984 0.6357978559436844 0.1376552105827436 0.07575507268458992
0 0.4807776645407246 0.7208268366088663 0.14017655933798814 0.07812609468490823
0 0.7250110713845574 0.610859301241277 0.1396437630722545 0.07109484468490823
0 0.7353817315523827 0.6858047572406406 0.12018336805127632 0.061501668682362974
0 0.40130549732392956 0.8484256726209567 0.07433991701630234 0.15697725334181775
0 0.5882251568670548 0.8282660719287305 0.07217376577154688 0.15929373134149963
0 0.6604078101864028 0.8211706399188673 0.06730866701630234 0.15689543734086336
0 0.8733814068670547 0.8249479785566869 0.06947481826105814 0.1545789593411815
0 0.9448303543775438 0.828808227880369 0.07252896328203598 0.1639812313414996
0 0.9505237627155869 0.7064877852085057 0.09895247456882608 0.11955961668522655
0 0.9453382019778294 0.5970582412078694 0.10932359604434119 0.10254483935390812
0 0.15509762262466859 0.42669776531668263 0.06153134108157472 0.11155566534054517
0 0.19182526017246954 0.2612813033100011 0.07199616701630243 0.15694998134149962
0 0.2645523651514914 0.25105178063336514 0.06858682448483525 0.1428602093411815
0 0.21351377386942402 0.42367221530872834 0.0711081732400797 0.14523123134149962
0 0.2773986751141795 0.42058303063336516 0.06876442324007978 0.1452039593411815
0 0.35083617511417947 0.4197285079567292 0.07110817324007979 0.14523123134149962
0 0.33390601639624684 0.2478989612905929 0.07398471950581324 0.15228975334181777
0 0.4051773651514914 0.24941546061427516 0.06730866701630234 0.15689543734086325
0 0.47254246390673593 0.250977413271821 0.07235136452679143 0.16163748134149963
0 0.5387711151514913 0.2478609565961396 0.06965241701630234 0.1569227093411815
0 0.6000987788438016 0.2213433625875491 0.06387509108157481 0.11158293734086333
0 0.6718437242796982 0.22910986191123137 0.07469511452679142 0.16166475334181776
0 0.7434227263542905 0.2243672705681409 0.07345192324007979 0.14525850334181775
0 0.4177868767738534 0.4158217106142751 0.06458548610255281 0.12095793734086335
0 0.4840630722097501 0.4236518446053664 0.07398471950581324 0.15228975334181777
0 0.5549792234545056 0.4204808439290487 0.07128577199532433 0.14757498134149963
0 0.6218115259440165 0.4150115465865946 0.06659827199532416 0.14752043734086331
0 0.6914728305081198 0.4055996365770496 0.07686126577154688 0.1593482753421359
0 0.7612525342423863 0.3977502265675046 0.06876442324007978 0.1452039593411815
0 0.8115574197155947 0.2360854732256868 0.07345192324007987 0.14525850334181775
0 0.8262146834125492 0.3985582012253686 0.07398471950581334 0.15228975334181777
0 0.9002082904661636 0.3844042472151873 0.06514251577154688 0.15921191534054513
0 0.8731102263542905 0.22285821988386897 0.06983001577154724 0.1592664593411815
0 0.9411498313333124 0.2126832412078694 0.07181856826105779 0.15460623134149962
0 0.9623647483496149 0.3688241532065967 0.06529588112353082 0.13033293734086326
0 0.9863028229790141 0.2057787132002334 0.02739435404197188 0.13716419267186344