0 0.0359375 0.2609375 0.0578125 0.1609375
0 0.10234375 0.2609375 0.05078125 0.1609375
0 0.45703125 0.0296875 0.1515625 0.059375
0 0.04453125 0.43984375 0.06015625 0.14921875
0 0.00703125 0.859375 0.0140625 0.1609375
0 0.0515625 0.86328125 0.05546875 0.14921875
0 0.12890625 0.86171875 0.06015625 0.165625
0 0.196875 0.84609375 0.0625 0.1390625
0 0.2671875 0.72109375 0.14453125 0.0625
0 0.26328125 0.63125 0.12734375 0.06484375
0 0.41484375 0.640625 0.13203125 0.07421875
0 0.42578125 0.72578125 0.134375 0.0765625
0 0.678125 0.61875 0.134375 0.06953125
0 0.6828125 0.69375 0.115625 0.06015625
0 0.33671875 0.85234375 0.0625 0.15625
0 0.525 0.834375 0.06015625 0.15859375
0 0.59765625 0.828125 0.05546875 0.15625
0 0.81015625 0.834375 0.0578125 0.15390625
0 0.88125 0.8390625 0.06015625 0.16328125
0 0.91953125 0.7171875 0.13671875 0.11796875
0 0.92421875 0.6078125 0.1515625 0.10078125
0 0.12265625 0.428125 0.053125 0.1109375
0 0.171875 0.26328125 0.06015625 0.15625
0 0.2453125 0.25390625 0.0578125 0.1421875
0 0.18125 0.42578125 0.06015625 0.14453125
0 0.2453125 0.4234375 0.0578125 0.14453125
0 0.31875 0.4234375 0.06015625 0.14453125
0 0.31484375 0.2515625 0.0625 0.1515625
0 0.3859375 0.25390625 0.05546875 0.15625
0 0.453125 0.25625 0.06015625 0.1609375
0 0.51953125 0.25390625 0.0578125 0.15625
0 0.5828125 0.228125 0.05546875 0.1109375
0 0.65390625 0.23671875 0.0625 0.1609375
0 0.72578125 0.2328125 0.0625 0.14453125
0 0.3859375 0.4203125 0.05546875 0.1203125
0 0.4515625 0.42890625 0.0625 0.1515625
0 0.52265625 0.4265625 0.06015625 0.146875
0 0.58984375 0.421875 0.05546875 0.146875
0 0.66015625 0.41328125 0.06484375 0.15859375
0 0.73046875 0.40625 0.0578125 0.14453125
0 0.79296875 0.2453125 0.0625 0.14453125
0 0.7953125 0.4078125 0.0625 0.1515625
0 0.8703125 0.39453125 0.053125 0.15859375
0 0.85546875 0.2328125 0.0578125 0.15859375
0 0.92421875 0.2234375 0.06015625 0.15390625
0 0.93359375 0.3796875 0.05546875 0.1296875
0 0.98046875 0.2171875 0.03828125 0.13671875