0 0.04296875 0.12109375 0.0671875 0.15625
0 0.1234375 0.11328125 0.06484375 0.16328125
0 0.28515625 0.1609375 0.06484375 0.1734375
0 0.37109375 0.17421875 0.06015625 0.1609375
0 0.3734375 0.33671875 0.06015625 0.1203125
0 0.27890625 0.33515625 0.0578125 0.146875
0 0.1234375 0.3453125 0.05546875 0.15625
0 0.0453125 0.365625 0.0625 0.16796875
0 0.61171875 0.31484375 0.05546875 0.1390625
0 0.4515625 0.19375 0.0578125 0.1609375
0 0.5265625 0.1078125 0.0625 0.1734375
0 0.5984375 0.1359375 0.0578125 0.15625
0 0.678125 0.12890625 0.0578125 0.165625
0 0.7390625 0.1390625 0.06015625 0.15390625
0 0.40234375 0.7125 0.06015625 0.15625
0 0.6203125 0.7078125 0.0625 0.165625
0 0.959375 0.328125 0.0578125 0.12265625
0 0.959375 0.1078125 0.0578125 0.15859375
0 0.025 0.9515625 0.05 0.0625
0 0.14296875 0.9484375 0.13203125 0.07421875
0 0.2859375 0.94453125 0.1296875 0.0765625
0 0.4890625 0.93125 0.13671875 0.0796875
0 0.68359375 0.928125 0.1515625 0.08203125
0 0.88125 0.928125 0.13671875 0.08671875
0 0.9828125 0.90859375 0.03359375 0.071875