0 0.05214468568763435 0.12084376512531052 0.07902741701630238 0.15664088544042354
0 0.13202143983681922 0.1125631116327102 0.07721646328203599 0.16365849990180412
0 0.29735136452679145 0.15927850946796976 0.07798605788809568 0.17381474990180418
0 0.38429525747317717 0.1720597897185908 0.07235136452679143 0.16128747882456523
0 0.39895252117013164 0.33454615417997136 0.06927298610255281 0.12066247882456534
0 0.30430287199996864 0.33353362090428823 0.06894202199532433 0.14721134328594587
0 0.1496037166060283 0.3445943616327102 0.06730866701630242 0.1565727077473264
0 0.07301790581814761 0.3653613795866911 0.07522791079252508 0.1683323643631846
0 0.6355761827878494 0.3112848744203297 0.066006276144509 0.1393852077473264
0 0.46624399710021497 0.19112288622599047 0.07000761452679143 0.16127384328594588
0 0.5347320427412486 0.10474904899016883 0.07564230788809567 0.1738011143631847
0 0.6087382278041831 0.13245589247250641 0.06965241701630234 0.15658634328594587
0 0.6878929315384494 0.1249610341594459 0.07036281203728052 0.16596134328594586
0 0.7496000261445092 0.13476276015534083 0.07181856826105779 0.1542562288245653
0 0.45633377159433886 0.7101592325369984 0.07199616701630233 0.15659997882456533
0 0.6739473240838498 0.7042036274453917 0.07505031203728052 0.1659886143631848
0 0.9753427041526681 0.32254351952511473 0.04931459169466379 0.12299259328594588
0 0.9663147674277376 0.10223101952511471 0.06737046514452487 0.15893009328594582
0 0.0971050946292816 0.9514170542547262 0.05473596680652095 0.06279089149054755
0 0.21483704628895556 0.9476057321442151 0.1376552105827437 0.07498688534222779
0 0.357509798363548 0.9428677142884301 0.13548905933798813 0.07731699980360815
0 0.5596284054171623 0.9284047176080797 0.1427571076783142 0.08048290641946636
0 0.7539228570768362 0.9241479679026673 0.15777845643355876 0.08291301483072289
0 0.9399670775524062 0.9229980374790955 0.12006584489518772 0.08751415641946636