0 0.7624633734718615 0.7064076112349136 0.07796562697836454 0.16174656934277234
0 0.5382213692879899 0.812986517266094 0.07513055404758581 0.15234429734245403
0 0.4599735385552954 0.8115518339433663 0.07303246551297526 0.15700452534213588
0 0.37781945782260073 0.8101626039545021 0.06263387607385322 0.13736418734086336
0 0.30150261928799 0.8157409892982288 0.07303246551297518 0.15700452534213588
0 0.22625695782260075 0.8119261933084102 0.07747430404758597 0.15237156934277216
0 0.07954241010659288 0.8316130793284546 0.06587838478028056 0.1545789593411815
0 0.06718741576080242 0.5511170573281365 0.07513055404758592 0.15234429734245403
0 0.20831038274411565 0.5291500559755011 0.07525338478028054 0.15468804734245403
0 0.3629126735627185 0.5406404446212749 0.06600121551297518 0.1569227093411815
0 0.4389395850281078 0.5444461499443207 0.07303246551297526 0.15700452534213588
0 0.5172726249421995 0.5325904926002758 0.06797647331489128 0.14991873134149963
0 0.5970420120973292 0.5332257445894582 0.0782112884437538 0.16643406934277233
0 0.7532543905460318 0.5157735205681409 0.06612404624566981 0.1592664593411815
0 0.7257989393936933 0.09630590523554997 0.06834496551297527 0.15694998134149962
0 0.5197093916776855 0.11668368193032139 0.07833411917644835 0.1687778193427723
0 0.3590994402982045 0.12480635928550221 0.08265312697836436 0.1618011133434086
0 0.04211998021229627 0.11755057932845477 0.07599036917644833 0.16875054734245412