0 0.024390704953989494 0.8537113810874324 0.04878140990797899 0.1353841209411626
0 0.09308656331654565 0.711215963879148 0.06961484496658026 0.1402352621748646
0 0.10047454911308613 0.8699869918823252 0.06979212296975748 0.1503915121748644
0 0.18090238880466064 0.8737353291382677 0.06710745373287823 0.13081935186643925
0 0.26620864326888755 0.866627987011061 0.06957393465815472 0.13789151217486467
0 0.17284224716392152 0.7087006643656153 0.06498189204448095 0.14327844155801356
0 0.26504338393339666 0.7095285531636853 0.07640063311602718 0.12629549310014115
0 0.34855531331654566 0.7156751874975285 0.06468188311602727 0.12609094155801373
0 0.4275297471639215 0.7131462512145207 0.06975121266133204 0.1480477621748646
0 0.3155981319015065 0.32044846225429485 0.06718927434972918 0.13550685186643907
0 0.34421091234361095 0.8750229139585782 0.06723018465815471 0.13785060186643924
0 0.4200057991130862 0.8755644305976699 0.07439780235290638 0.1457858327917158
0 0.5611626331226178 0.8475502991032002 0.06271996266133187 0.14792503124958795
0 0.657010110391151 0.23653670697599383 0.06045803327818291 0.15257162094116258
0 0.7345447751638033 0.2269492471540356 0.06007620373287814 0.13069662094116258
0 0.8110936383943284 0.22906690056260226 0.06488643465815472 0.13780969155801356
0 0.8906720442385267 0.2367078510490696 0.06492734496658059 0.14015344155801357
0 0.9609436339301013 0.24027891030183496 0.06744837296975774 0.1503506018664391
0 0.5784530933483177 0.6180946241842782 0.06945120373287814 0.1308602621748646
0 0.6529582155072964 0.6029838672844192 0.060335302352906336 0.14554037094116268
0 0.8006144655072964 0.6055612167152264 0.06727109496658024 0.14019435186643908
0 0.8787394655072964 0.6069248936627434 0.07430234496658024 0.14031708279171565
0 0.9520269610430695 0.6168004999934095 0.06714836404130367 0.13316310186643907
0 0.6456194537394688 0.8443355702065187 0.06229722280760175 0.12370628124958793
0 0.7221955905089439 0.8448907236150852 0.06225631249917605 0.12136253124958793
0 0.7979359302005185 0.8485572402541768 0.059748921265474306 0.11194662094116267
0 0.8744984302005184 0.8498936436627436 0.06979212296975738 0.15039151217486468
0 0.9479632037394687 0.8496129999934094 0.07217678327818292 0.15277617248328995