0 0.03359375 0.853125 0.0578125 0.134375
0 0.10546875 0.709375 0.0671875 0.1390625
0 0.115625 0.86796875 0.0671875 0.14921875
0 0.19609375 0.8703125 0.06484375 0.1296875
0 0.28125 0.86171875 0.0671875 0.13671875
0 0.18515625 0.70546875 0.0625 0.1421875
0 0.27734375 0.7046875 0.07421875 0.125
0 0.3609375 0.709375 0.0625 0.125
0 0.43984375 0.70546875 0.0671875 0.146875
0 0.32109375 0.31484375 0.06484375 0.134375
0 0.359375 0.86875 0.06484375 0.13671875
0 0.43515625 0.86796875 0.071875 0.14453125
0 0.57578125 0.8375 0.06015625 0.146875
0 0.6609375 0.225 0.0578125 0.1515625
0 0.73828125 0.2140625 0.0578125 0.1296875
0 0.81484375 0.21484375 0.0625 0.13671875
0 0.89453125 0.22109375 0.0625 0.1390625
0 0.96484375 0.2234375 0.06484375 0.14921875
0 0.5890625 0.6078125 0.0671875 0.1296875
0 0.66328125 0.59140625 0.0578125 0.14453125
0 0.8109375 0.59140625 0.06484375 0.1390625
0 0.8890625 0.59140625 0.071875 0.1390625
0 0.9625 0.6 0.06484375 0.13203125
0 0.66015625 0.8328125 0.06015625 0.12265625
0 0.73671875 0.83203125 0.06015625 0.1203125
0 0.8125 0.834375 0.0578125 0.1109375
0 0.8890625 0.834375 0.0671875 0.14921875
0 0.9625 0.8328125 0.06953125 0.1515625