0 0.03855708605747128 0.8533204427202119 0.05859427088084712 0.13471134328594586
0 0.10959577302214644 0.7099885992378742 0.06799654195808595 0.1394533854404237
0 0.12067469446872765 0.8686414365718917 0.06805562929210347 0.14960963544042363
0 0.20115708000734708 0.8714533400644922 0.06559824980360825 0.13006474990180408
0 0.2862633330324092 0.8633550146343312 0.06798290641946654 0.13710963544042337
0 0.18926054712444743 0.7065459575509347 0.06332722267624522 0.1425511143631848
0 0.2814435019449076 0.7063010387366322 0.0749459787263694 0.1254317920562819
0 0.3650645230221464 0.7114748729473916 0.0632272287263694 0.1253636143631848
0 0.4439480471244474 0.7080276860809124 0.06804199375348396 0.14726588544042354
0 0.322925457354543 0.3167118187908614 0.06562552088084708 0.13475224990180407
0 0.36442923964826746 0.8708407825883121 0.06563915641946654 0.13709599990180407
0 0.4402059444687277 0.8705004150036736 0.07271585821486468 0.14494940651766228
0 0.580653682466675 0.8408497973208391 0.06101074375348396 0.14722497882456542
0 0.662246511707465 0.2288452218906783 0.05869426483072289 0.15189884328594588
0 0.7395266291939077 0.2183576946651194 0.058566999803608154 0.13002384328594588
0 0.8160936743734475 0.21958437226002064 0.06329540641946671 0.13708236436318472
0 0.8958175358097659 0.22629798057308115 0.063309041958086 0.1394261143631847
0 0.9661436713483853 0.2290507967316639 0.0657118792921036 0.1495959999018041
0 0.5925986496819713 0.6112395653730159 0.06794199980360816 0.13007838544042355
0 0.6667219509116353 0.5952651074292977 0.058653358214864684 0.14486759328594587
0 0.8143782009116354 0.5961241463623216 0.065652791958086 0.13943974990180408
0 0.8925032009116354 0.5965786643163025 0.072684041958086 0.13948065651766245
0 0.9659906978865731 0.6055996611930444 0.0656118853422278 0.1324084999018041
0 0.6650014113894362 0.8366531767111386 0.06086984318774995 0.12300622882456543
0 0.7415593662098965 0.8363173543060398 0.06085620764913049 0.12066247882456516
0 0.8173542517485158 0.8391019867214012 0.058457915494652825 0.11127384328594588
0 0.893916751748516 0.8395474143163024 0.06805562929210325 0.14960963544042372
0 0.9660693269870375 0.8384121611930444 0.06786134602592497 0.151967020979043