0 0.10041557030215169 0.8144261143631848 0.06777615901517466 0.11364486436318452
0 0.17154786165848057 0.8492056353422276 0.06966829879992695 0.1542698643631848
0 0.17048616769711783 0.7257954064194665 0.15245722001621065 0.0703993792921036
0 0.3345486676971179 0.7267498941228265 0.15223889619489306 0.0657118792921036
0 0.24778502997928015 0.8762044725780493 0.06498079879992691 0.15424259328594586
0 0.3143539458188803 0.8633141080184729 0.05861948283649223 0.1182778222087073
0 0.38655643155085667 0.8707635145361353 0.06912248924663303 0.1425511143631848
0 0.4578856219975628 0.8594629210537977 0.07871581306795061 0.14729315651766228
0 0.5308864743549276 0.8505151679305397 0.062091239246633026 0.1425102077473266
0 0.6063038513193983 0.8431435503459012 0.07380998924663303 0.14257838544042373
0 0.5287888192686945 0.7216316438282389 0.13728598428423416 0.06328177088084708
0 0.6885640796077765 0.7311526104543599 0.13995722001621064 0.07032665641946653
0 0.8090478616584805 0.8529145018467117 0.07413747497860931 0.14960963544042372
0 0.8864087282838691 0.8369627698006926 0.0722303726212445 0.15897099990180408
0 0.9526098278003537 0.6913917154477707 0.09478034439929246 0.0749459787263694
0 0.9515262284932661 0.6078025106273104 0.0969475430134679 0.06790563836728972
0 0.6727335643062957 0.6428031827612626 0.15000430810555193 0.06804199375348396
0 0.5045464904849781 0.6371384691602038 0.13047305810555193 0.06792836426498887
0 0.35114966273471915 0.6471805687908614 0.14542597001621066 0.07035847267624522
0 0.07753657257846329 0.4573585029268662 0.06619654238978616 0.1300374788245652
0 0.1463229598820162 0.4585397287263694 0.05883780665780982 0.12296532220870696
0 0.21570866066780453 0.45581924970541243 0.07435579879992693 0.15429713544042353
0 0.36576216459674593 0.4410714693565955 0.05536605024766903 0.09873293667008749
0 0.4290434145967459 0.44143962889932 0.0648716368892682 0.15189884328594588
0 0.4986110519002988 0.4426253998783631 0.059856651157291905 0.144840322208707
0 0.569158992347005 0.4313202612164856 0.07201204879992691 0.15428349990180412
0 0.643377742347005 0.43175205327276756 0.07201204879992691 0.15428349990180412
0 0.7169244042576637 0.43452305014950954 0.06944997497860932 0.14958236436318462
0 0.7833306542576637 0.4349093904103933 0.06575989474715112 0.1206624788245652
0 0.8492638693114756 0.42513948067127705 0.06944997497860932 0.14958236436318476
0 0.9163058200972639 0.4224053661117006 0.06955913688926821 0.15192611436318476
0 0.9767006258263148 0.416573522629363 0.04659874834737039 0.1394261143631848
0 0.06297099669023112 0.2620141866700876 0.05938361621110373 0.13468407220870704
0 0.12474540467194847 0.2803374606741927 0.062091239246633026 0.14251020774732642
0 0.19580276736839555 0.2799698220123153 0.07995298138875015 0.17385565651766238
0 0.26700567927905433 0.2827271833504379 0.07244869644256209 0.1636584999018041
0 0.347146943547078 0.27616408684303817 0.06944997497860941 0.14958236436318478
0 0.41280833085063084 0.27732713192438213 0.07233953453190334 0.16131474990180417
0 0.49004291893997215 0.27543335469882324 0.0719028868892682 0.1519397499018041
0 0.5589555847795723 0.2625566256778662 0.07201204879992691 0.15428349990180418
0 0.6297946236547018 0.2575014870159888 0.06934081306795062 0.1472386143631847
0 0.6971276728689135 0.2610173724564124 0.06428944003242129 0.13939884328594584
0 0.7686751871369372 0.2544042789740748 0.0696682987999269 0.1542698643631847
0 0.8396597752262783 0.2524741403121974 0.0675428726212445 0.1589437288245653
0 0.9053746664587727 0.23801673057308115 0.06272478597964551 0.10580509328594587
0 0.9687414706365104 0.24622466119304454 0.06251705872697925 0.1636584999018041