0 0.0625 0.8140625 0.0625 0.11328125
0 0.13203125 0.8484375 0.0625 0.15390625
0 0.13671875 0.725 0.14921875 0.06953125
0 0.30078125 0.725 0.14921875 0.06484375
0 0.20703125 0.875 0.0578125 0.15390625
0 0.27421875 0.86171875 0.053125 0.11796875
0 0.34609375 0.86875 0.0625 0.1421875
0 0.41796875 0.85703125 0.071875 0.146875
0 0.49140625 0.84765625 0.05546875 0.1421875
0 0.5671875 0.83984375 0.0671875 0.1421875
0 0.4953125 0.71875 0.134375 0.0625
0 0.6546875 0.72734375 0.13671875 0.06953125
0 0.76953125 0.8484375 0.0671875 0.14921875
0 0.84765625 0.83203125 0.06484375 0.15859375
0 0.9375 0.6859375 0.125 0.07421875
0 0.93828125 0.60234375 0.1234375 0.0671875
0 0.64296875 0.6390625 0.146875 0.0671875
0 0.475 0.634375 0.12734375 0.0671875
0 0.32109375 0.6453125 0.1421875 0.06953125
0 0.05625 0.45703125 0.06015625 0.1296875
0 0.125 0.4578125 0.053125 0.12265625
0 0.19453125 0.4546875 0.0671875 0.15390625
0 0.3453125 0.4390625 0.05078125 0.0984375
0 0.40859375 0.4390625 0.0578125 0.1515625
0 0.478125 0.43984375 0.053125 0.14453125
0 0.54921875 0.428125 0.06484375 0.15390625
0 0.6234375 0.428125 0.06484375 0.15390625
0 0.696875 0.43046875 0.0625 0.14921875
0 0.76328125 0.43046875 0.06015625 0.1203125
0 0.8296875 0.4203125 0.0625 0.14921875
0 0.896875 0.4171875 0.0625 0.1515625
0 0.96875 0.4109375 0.0625 0.1390625
0 0.05078125 0.26171875 0.053125 0.134375
0 0.11171875 0.2796875 0.05546875 0.1421875
0 0.1828125 0.27890625 0.071875 0.1734375
0 0.25390625 0.28125 0.06484375 0.16328125
0 0.334375 0.27421875 0.0625 0.14921875
0 0.4 0.275 0.06484375 0.1609375
0 0.47734375 0.27265625 0.06484375 0.1515625
0 0.546875 0.259375 0.06484375 0.15390625
0 0.61796875 0.25390625 0.0625 0.146875
0 0.68515625 0.25703125 0.0578125 0.1390625
0 0.75703125 0.25 0.0625 0.15390625
0 0.828125 0.24765625 0.06015625 0.15859375
0 0.89453125 0.2328125 0.0578125 0.10546875
0 0.9625 0.240625 0.06484375 0.16328125