0 0.80390625 0.56875 0.11796875 0.05546875
0 0.79921875 0.49765625 0.1078125 0.053125
0 0.515625 0.6703125 0.1078125 0.0578125
0 0.3640625 0.665625 0.11796875 0.0578125
0 0.22734375 0.6609375 0.12734375 0.0484375
0 0.09765625 0.68515625 0.1078125 0.053125
0 0.09765625 0.6234375 0.12265625 0.05546875
0 0.08515625 0.55625 0.12734375 0.06015625
0 0.0796875 0.384375 0.115625 0.053125
0 0.04296875 0.25703125 0.053125 0.125
0 0.0484375 0.1109375 0.0484375 0.1109375
0 0.7953125 0.365625 0.1296875 0.0578125
0 0.79921875 0.43125 0.11796875 0.05078125
0 0.85078125 0.21484375 0.053125 0.12734375
0 0.85 0.06484375 0.05546875 0.1203125
0 0.0671875 0.87109375 0.0578125 0.11328125
0 0.1265625 0.8765625 0.05078125 0.11328125
0 0.19140625 0.8734375 0.05078125 0.1078125
0 0.25703125 0.8765625 0.053125 0.13203125
0 0.31640625 0.875 0.05546875 0.115625
0 0.384375 0.87890625 0.0484375 0.0984375
0 0.44609375 0.87734375 0.05078125 0.1109375
0 0.50859375 0.875 0.05546875 0.115625
0 0.57421875 0.87890625 0.0484375 0.12265625
0 0.7015625 0.875 0.0625 0.1203125
0 0.89765625 0.88671875 0.05078125 0.10078125
0 0.9640625 0.859375 0.053125 0.11328125
0 0.99296875 0.68046875 0.0140625 0.0484375
0 0.99375 0.08984375 0.01171875 0.06015625