0 0.7840450623515685 0.56875 0.11990576143274545 0.05546875
0 0.7818402108076224 0.49765625 0.10966766587924895 0.053125
0 0.49221717170006285 0.6703125 0.10983135698624161 0.0578125
0 0.34081836280705546 0.665625 0.1199876069862417 0.0578125
0 0.20426330391404796 0.6609375 0.12903522477225654 0.0484375
0 0.07373006652791972 0.68515625 0.1096676658792491 0.053125
0 0.07588533276998853 0.6234375 0.12459326143274538 0.05546875
0 0.06573157197021531 0.55625 0.12944445253973796 0.06015625
0 0.06626482922660946 0.384375 0.1174801658792491 0.053125
0 0.033993020966574215 0.25703125 0.05749009618646848 0.125
0 0.044563477134509234 0.1109375 0.05231152286549077 0.1109375
0 0.7825445936545797 0.365625 0.1317063569862416 0.0578125
0 0.7841591681566837 0.43125 0.11974207032575279 0.05078125
0 0.8432787409295074 0.21484375 0.057571941739964674 0.12734375
0 0.8477356063532696 0.06484375 0.05967015507947622 0.1203125
0 0.03676823595054788 0.87109375 0.06176836841898705 0.11328125
0 0.09595226299238988 0.8765625 0.054737118418987055 0.11328125
0 0.1609051403970516 0.8734375 0.05454614546082905 0.1078125
0 0.22642101299238987 0.8765625 0.05773563284695733 0.13203125
0 0.2858505766947207 0.875 0.05950646397248338 0.115625
0 0.35368291743889363 0.87890625 0.05187501324684387 0.0984375
0 0.4154562311412245 0.87734375 0.054655272865490725 0.1109375
0 0.4780380766947207 0.875 0.0595064639724832 0.115625
0 0.5435266674388937 0.87890625 0.05272075063297219 0.12265625
0 0.6710068266947207 0.875 0.06670140507947586 0.1203125
0 0.8666913489272392 0.88671875 0.0543006088003402 0.10078125
0 0.9340524637180293 0.859375 0.05708086841898705 0.11328125
0 0.9692062576349123 0.68046875 0.01575397477225664 0.0484375
0 0.9906125871159759 0.08984375 0.013819452539738108 0.06015625