0 0.8105242554105418 0.5827822357899499 0.11861418734086335 0.057527902190750525
0 0.8050095047342241 0.5116066651730989 0.10843066534054521 0.05500687418757337
0 0.5234247920909958 0.6793127678536122 0.10848520934118148 0.059694374187573375
0 0.37180774809035944 0.6719797345754293 0.11864145934118149 0.059871652190750524
0 0.23503445408972318 0.6649057999172745 0.12790737133990876 0.05066029342445262
0 0.10562876475967753 0.6868608461843962 0.10843066534054513 0.05500687418757337
0 0.10491060208463247 0.6251420961843962 0.12330168734086326 0.05760972280760157
0 0.09162880474217834 0.5577364078727935 0.12804373134149963 0.06237904342445262
0 0.08416010805217941 0.38576595048646733 0.11624316534054513 0.05514324188232518
0 0.045959579368225666 0.25778127232113435 0.05457950668363558 0.12592730032431154
0 0.04972837468172658 0.11178297970746054 0.049728374681726584 0.11178297970746054
0 0.799566932049634 0.37950723132572306 0.13036020934118148 0.06007620373287823
0 0.8042367980585429 0.44520041517309894 0.11855964334022681 0.0528404021907507
0 0.8532811833624987 0.22969419195846014 0.05460677868395365 0.12827105032431155
0 0.8507545253421359 0.07968055518898495 0.05686871268299924 0.12128071063273708
0 0.07732359345158546 0.8722665121748646 0.05913064668204475 0.11429037094116268
0 0.13676222811899452 0.8787716566549776 0.05209939668204475 0.11416764001588611
0 0.20156961545190363 0.8767785085214166 0.05203576201463571 0.1086988900158861
0 0.2672309781189945 0.881048997157331 0.0546613226845901 0.13295855032431164
0 0.326587796785449 0.8805228916374439 0.05681416868236298 0.1165932106327368
0 0.3946020001193127 0.8856155405817837 0.04958292401336299 0.09928297970746058
0 0.45630256878576725 0.8851303453703221 0.05207212468172671 0.11182389001588611
0 0.5187752967854491 0.8838775369283358 0.05681416868236298 0.1165932106327368
0 0.5844457501193127 0.8889292755642499 0.04986473468331738 0.12350172970746058
0 0.711744046785449 0.8872458189887027 0.06389996268299925 0.12140344155801372
0 0.90797415678704 0.9023873981269703 0.05195394601368122 0.1016676400158861
0 0.9734203300544861 0.8762027735323598 0.053159339891027814 0.11420855032431163
0 0.9967868300445435 0.697801084002941 0.006426339910913015 0.04868296185055314
0 0.9942930305040566 0.10718972077241622 0.011413938991886852 0.06036080154212754