0 0.1704084060434146 0.35048016331159193 0.10942647578510516 0.05672326201463562
0 0.0641045817493775 0.3767255846594549 0.06859688730530311 0.049219297342454206
0 0.03884720282385159 0.09958182932845476 0.07335258346523714 0.05161759134309048
0 0.48325878087881236 0.036578558601230285 0.11503161810497317 0.061474396682044755
0 0.9575661105831259 0.270931545870506 0.08486777883374827 0.06201019867918127
0 0.5853072949980703 0.5355604039226854 0.052415609329484525 0.13728237133990895
0 0.5290800270513817 0.5369961819303214 0.0548275554894186 0.13965339334022692
0 0.4728072949980703 0.5368694599379574 0.04583298871722903 0.09893748667249973
0 0.41069373990436314 0.5508779632797752 0.05689852084968248 0.13030566534054522
0 0.35177338097058997 0.5671938539545021 0.05448657468974849 0.12793464334022692
0 0.2889551322242312 0.5569836072963199 0.04342104255729486 0.09656646467218159
0 0.237066023290458 0.5732176819700923 0.04844952335696497 0.10833975867281787
0 0.17718255793019408 0.5832926633115919 0.04294366943775674 0.0801602146721816
0 0.1000206643566848 0.5904426393220914 0.054009201570210365 0.1115283933402269
0 0.05027071694310955 0.5996181919955457 0.05448657468974851 0.12793464334022692
0 0.8754896772888084 0.6244025385503236 0.05455477084968265 0.1302783933402269
0 0.9364953734487426 0.6260372165420512 0.052211020849682654 0.13025112133990877
0 0.9843895122720496 0.6230298478676424 0.031220975455900656 0.13958975867281787
0 0.8271073162434643 0.8148735445576414 0.05234741316955045 0.13493862133990894
0 0.8854282816037283 0.8048167445496872 0.043989343890078206 0.11609771467218159
0 0.9384396213371715 0.8002923292091421 0.043762023356964976 0.10828521467218159
0 0.9871571397627055 0.8120923478676424 0.025685720474589148 0.13724600867281786