0 0.16630643303330167 0.35048016331159193 0.10878071063273706 0.05672326201463562
0 0.05971155965650711 0.3767255846594549 0.06803297970746054 0.049219297342454206
0 0.03768300649282176 0.09958182932845476 0.07276139001588604 0.05161759134309048
0 0.48276763555165925 0.036578558601230285 0.1143312812495882 0.061474396682044755
0 0.9561017698855023 0.270931545870506 0.08779646022899534 0.06201019867918127
0 0.578995168015768 0.5355604039226854 0.05082393465815471 0.13728237133990895
0 0.5227588047852432 0.5369961819303214 0.05320859496658024 0.13965339334022692
0 0.46649516801576796 0.5368694599379574 0.044686982953871454 0.09893748667249973
0 0.4042269930968459 0.5508779632797752 0.055388703732878145 0.13030566534054522
0 0.3451247284863493 0.5671938539545021 0.05300404342445271 0.12793464334022692
0 0.2824338137136969 0.5569836072963199 0.042302322645445936 0.09656646467218159
0 0.2303627991032003 0.5732176819700923 0.04719437418757346 0.10833975867281787
0 0.17037019033690232 0.5832926633115919 0.042015950486467356 0.0801602146721816
0 0.09313553449270369 0.5904426393220914 0.05271767126547413 0.1115283933402269
0 0.04328553895693055 0.5996181919955457 0.05300404342445271 0.12793464334022692
0 0.8681043068138379 0.6244025385503236 0.0530449537328785 0.1302783933402269
0 0.9290827171222634 0.6260372165420512 0.050701203732878494 0.13025112133990877
0 0.981101567165274 0.6230298478676424 0.03779686566945202 0.13958975867281787
0 0.8175117917963044 0.8148735445576414 0.050783024349729186 0.13493862133990894
0 0.8759419005626021 0.8048167445496872 0.04264324188232536 0.11609771467218159
0 0.9289987167152265 0.8002923292091421 0.042506874187573374 0.10828521467218159
0 0.9827618438488759 0.8120923478676424 0.034476312302248145 0.13724600867281786