0 0.16015625 0.35234375 0.1078125 0.05546875
0 0.053125 0.37734375 0.0671875 0.0484375
0 0.0359375 0.1 0.071875 0.05078125
0 0.48203125 0.0421875 0.11328125 0.06015625
0 0.95390625 0.28203125 0.0921875 0.0609375
0 0.56953125 0.5421875 0.0484375 0.13671875
0 0.51328125 0.54296875 0.05078125 0.1390625
0 0.45703125 0.5421875 0.04296875 0.0984375
0 0.39453125 0.55546875 0.053125 0.1296875
0 0.33515625 0.57109375 0.05078125 0.12734375
0 0.27265625 0.56015625 0.040625 0.09609375
0 0.2203125 0.57578125 0.0453125 0.1078125
0 0.16015625 0.58515625 0.040625 0.0796875
0 0.0828125 0.59140625 0.05078125 0.1109375
0 0.0328125 0.6 0.05078125 0.12734375
0 0.85703125 0.634375 0.05078125 0.1296875
0 0.91796875 0.63671875 0.0484375 0.1296875
0 0.975 0.634375 0.0453125 0.1390625
0 0.803125 0.82421875 0.0484375 0.134375
0 0.86171875 0.81484375 0.040625 0.115625
0 0.91484375 0.8109375 0.040625 0.1078125
0 0.975 0.8234375 0.0453125 0.13671875