0 0.03359375 0.2046875 0.053125 0.1109375
0 0.11796875 0.18515625 0.053125 0.134375
0 0.01328125 0.39765625 0.0265625 0.06015625
0 0.1859375 0.1859375 0.05546875 0.12265625
0 0.25859375 0.18125 0.0453125 0.103125
0 0.32421875 0.18984375 0.0484375 0.1296875
0 0.38828125 0.18046875 0.05078125 0.134375
0 0.453125 0.18046875 0.05546875 0.14453125
0 0.51328125 0.17578125 0.05078125 0.14453125
0 0.57578125 0.17578125 0.0453125 0.134375
0 0.6359375 0.178125 0.0453125 0.1390625
0 0.69921875 0.18046875 0.0484375 0.1296875
0 0.765625 0.17890625 0.0453125 0.12734375
0 0.83203125 0.178125 0.0484375 0.134375
0 0.9234375 0.16328125 0.0578125 0.1390625
0 0.9671875 0.38671875 0.06484375 0.0625
0 0.85078125 0.3796875 0.0765625 0.0625
0 0.6078125 0.38671875 0.10546875 0.0625
0 0.4125 0.3890625 0.11796875 0.0625
0 0.2359375 0.4 0.1296875 0.06484375
0 0.06953125 0.6046875 0.1109375 0.06484375
0 0.0890625 0.67578125 0.115625 0.0625
0 0.58671875 0.58671875 0.10546875 0.0578125
0 0.59140625 0.671875 0.1109375 0.06484375
0 0.7296875 0.67578125 0.1078125 0.0765625
0 0.9875 0.65390625 0.025 0.0546875
0 0.95078125 0.85 0.0984375 0.06015625
0 0.7234375 0.8453125 0.1109375 0.06484375
0 0.28984375 0.8546875 0.11796875 0.06015625
0 0.15390625 0.85 0.10546875 0.06484375
0 0.03359375 0.85078125 0.0671875 0.053125