0 0.027038025931717807 0.20507839867122707 0.054076051863435615 0.11155566534054513
0 0.1104242109509646 0.18652894068268105 0.05860036167271767 0.13499316534054512
0 0.005792419572634701 0.39781079133513625 0.011584839145269402 0.06046533267027252
0 0.17836112745286742 0.18810107869190792 0.06046660920125975 0.1233016873408633
0 0.2512083784414506 0.18425901070177111 0.049514521748829844 0.10365225867281787
0 0.31648320996238144 0.19361637671067983 0.05372186068413445 0.13025112133990877
0 0.3809277119395478 0.18498681138604303 0.05625661167271767 0.134965893340227
0 0.4457714619395478 0.185741336728179 0.061357947147981304 0.14517668734086325
0 0.5061187129281309 0.1817538180696786 0.05667044714798131 0.14512214334022694
0 0.5686187129281309 0.18248107141149641 0.05078786167271758 0.1349022586728179
0 0.6286794624338394 0.18552480275299604 0.050978862661300896 0.13958975867281792
0 0.6918652119395479 0.18860489676158654 0.05372186068413463 0.13025112133990877
0 0.7583351289357422 0.18781510343726796 0.05050136018984297 0.12787100867281792
0 0.8247732124338395 0.18780656011294936 0.05391286167271767 0.13493862133990878
0 0.9167842988976862 0.17402641812535785 0.0634788626613009 0.1397352093411815
0 0.9514299184418882 0.39797299546463033 0.06739042984777584 0.0632545253421359
0 0.8353101699247627 0.38958723611549473 0.07910917984777574 0.06339088534372683
0 0.5920549184418882 0.393791288749178 0.10801542984777565 0.06372724001431748
0 0.3966469179475965 0.3938623720559974 0.12051542984777566 0.06387269068268112
0 0.2196387489742358 0.40274538136536214 0.1323296803420672 0.06635280068427196
0 0.050840981321902054 0.6054965693427723 0.10168196264380411 0.0661346246817267
0 0.06152652414592567 0.6768175860120904 0.11817167984777566 0.06384541868236297
0 0.562811792929006 0.5935458407463144 0.10782442885919252 0.059039740014317485
0 0.5640294416364118 0.6787566347469509 0.11357968034206714 0.0661346246817267
0 0.7021515241459257 0.6842719327657226 0.11093218281352506 0.07781701201463562
0 0.9608553620926472 0.6653968528007211 0.027228344866803766 0.054978401336727066
0 0.916146404070251 0.8610633414624032 0.10088867935348418 0.06130167401336308
0 0.6889936550588341 0.853730457431541 0.11357968034206714 0.0661346246817267
0 0.25501790308166783 0.85806013737268 0.12041992935348408 0.06152894068268111
0 0.11927140407025102 0.8517908613542262 0.10811093034206723 0.06607099001431749
0 0.016801579753729246 0.8511721486712271 0.03360315950745849 0.053906797342454384