0 0.15536125102576423 0.4 0.10772892836490092 0.05546875
0 0.2977397520143474 0.4046875 0.11319767836490087 0.05546875
0 0.45542491802195856 0.4015625 0.10978617688202626 0.0484375
0 0.6207634165390838 0.39453125 0.12501192885919252 0.0578125
0 0.7618194980600147 0.3859375 0.11535042737631773 0.05078125
0 0.9041024985543065 0.38828125 0.10557617935348418 0.06015625
0 0.9900111820813831 0.3703125 0.019977635837233977 0.053125
0 0.9847268213972485 0.1421875 0.03054635720550287 0.115625
0 0.8977955128515813 0.0609375 0.11535042737631755 0.05078125
0 0.9299633671099251 0.16015625 0.0532443582126767 0.11796875
0 0.8661237015966055 0.165625 0.060944111672717585 0.134375
0 0.7566611768820262 0.0484375 0.10801542984777565 0.0625
0 0.7877122001137307 0.15859375 0.06290585969555132 0.125
0 0.7207647806460784 0.1453125 0.060848611178426104 0.13203125
0 0.5862213428896373 0.0453125 0.11798067885919253 0.0578125
0 0.6614362015966055 0.165625 0.055492607718385045 0.115625
0 0.5943442020908971 0.16796875 0.05625661167271758 0.134375
0 0.5380942020908971 0.16796875 0.06778436068413445 0.1296875
0 0.4731085306460784 0.1453125 0.06065761018984297 0.12734375
0 0.4141646121670092 0.13671875 0.0683891971479813 0.14453125
0 0.3505650271860373 0.12890625 0.060848611178426104 0.13203125
0 0.29563744665368963 0.1421875 0.060562109695551314 0.125
0 0.23750661167271767 0.134375 0.06075311068413445 0.1296875
0 0.1729811966536896 0.1421875 0.059989106729801824 0.1109375
0 0.09323002965749524 0.140625 0.05676594764227281 0.146875
0 0.033646782623244754 0.1546875 0.05616111117842608 0.13203125
0 0.36498689631030984 0.69375 0.12238167737631774 0.05078125
0 0.5452009783255323 0.6875 0.10801542984777565 0.0625
0 0.6865435613293378 0.6859375 0.11788517836490087 0.05546875
0 0.9575591090962774 0.6875 0.08488178180744513 0.09609375
0 0.050461481291281786 0.7015625 0.045133427870609304 0.053125
0 0.12243593486505362 0.8765625 0.11807617935348409 0.06015625
0 0.32133634988408166 0.86875 0.11319767836490087 0.05546875
0 0.5261193503783732 0.87109375 0.11788517836490087 0.05546875
0 0.6688652658916929 0.865625 0.11563692885919252 0.0578125
0 0.8390185984012068 0.86171875 0.12022892836490087 0.05546875
0 0.9563892106360175 0.83984375 0.08722157872796502 0.05546875
0 0.9610329308735398 0.9515625 0.07793413825292035 0.053125
0 0.28890053467477317 0.9546875 0.1076334278706093 0.053125
0 0.16440987064432833 0.9671875 0.12276367935348405 0.06015625
0 0.0506192846747732 0.9546875 0.0257295118629981 0.05625