0 0.1390625 0.4 0.10546875 0.05546875
0 0.28125 0.4046875 0.1109375 0.05546875
0 0.4390625 0.4015625 0.1078125 0.0484375
0 0.6046875 0.39453125 0.12265625 0.0578125
0 0.74609375 0.3859375 0.11328125 0.05078125
0 0.88828125 0.38828125 0.103125 0.06015625
0 0.9828125 0.3703125 0.03359375 0.053125
0 0.9828125 0.1421875 0.03359375 0.115625
0 0.8953125 0.0609375 0.11328125 0.05078125
0 0.9234375 0.16015625 0.0484375 0.11796875
0 0.859375 0.165625 0.05546875 0.134375
0 0.7546875 0.0484375 0.10546875 0.0625
0 0.78125 0.15859375 0.0578125 0.125
0 0.71484375 0.1453125 0.05546875 0.13203125
0 0.584375 0.0453125 0.115625 0.0578125
0 0.6546875 0.165625 0.05078125 0.115625
0 0.5875 0.16796875 0.05078125 0.134375
0 0.53125 0.16796875 0.0625 0.1296875
0 0.4671875 0.1453125 0.05546875 0.12734375
0 0.40859375 0.13671875 0.0625 0.14453125
0 0.3453125 0.12890625 0.05546875 0.13203125
0 0.28984375 0.1421875 0.05546875 0.125
0 0.23203125 0.134375 0.05546875 0.1296875
0 0.1671875 0.1421875 0.05546875 0.1109375
0 0.0875 0.140625 0.05078125 0.146875
0 0.02734375 0.1546875 0.05078125 0.13203125
0 0.33671875 0.69375 0.1203125 0.05078125
0 0.5171875 0.6875 0.10546875 0.0625
0 0.65859375 0.6859375 0.115625 0.05546875
0 0.94453125 0.6875 0.1109375 0.09609375
0 0.021875 0.7015625 0.04296875 0.053125
0 0.08671875 0.8765625 0.115625 0.06015625
0 0.2859375 0.86875 0.1109375 0.05546875
0 0.490625 0.87109375 0.115625 0.05546875
0 0.63359375 0.865625 0.11328125 0.0578125
0 0.80390625 0.86171875 0.11796875 0.05546875
0 0.93359375 0.83984375 0.1078125 0.05546875
0 0.93359375 0.9515625 0.0984375 0.053125
0 0.25 0.9546875 0.10546875 0.053125
0 0.125 0.9671875 0.1203125 0.06015625
0 0.01171875 0.9546875 0.0234375 0.05625