0 0.02265625 0.09375 0.0453125 0.10078125
0 0.078125 0.10234375 0.05078125 0.11328125
0 0.13203125 0.10234375 0.0484375 0.11796875
0 0.196875 0.09765625 0.0484375 0.11328125
0 0.25390625 0.10078125 0.0453125 0.115625
0 0.31015625 0.0921875 0.053125 0.11796875
0 0.36328125 0.0953125 0.0484375 0.11796875
0 0.4171875 0.0875 0.05078125 0.11796875
0 0.4796875 0.09140625 0.05078125 0.115625
0 0.5375 0.071875 0.0453125 0.1109375
0 0.60234375 0.08984375 0.0453125 0.11796875
0 0.6546875 0.08984375 0.05078125 0.11796875
0 0.71015625 0.0921875 0.0453125 0.11796875
0 0.7671875 0.084375 0.0484375 0.125
0 0.82578125 0.03828125 0.05078125 0.0765625
0 0.87734375 0.08046875 0.0484375 0.11328125
0 0.93125 0.084375 0.0453125 0.10078125
0 0.9796875 0.0796875 0.040625 0.10078125
0 0.02890625 0.22578125 0.04296875 0.1109375
0 0.08671875 0.2296875 0.0484375 0.11796875
0 0.1453125 0.22734375 0.0453125 0.11328125
0 0.203125 0.22109375 0.0453125 0.10546875
0 0.25625 0.225 0.0453125 0.1078125
0 0.31015625 0.22265625 0.0484375 0.11328125
0 0.36875 0.2203125 0.05078125 0.103125
0 0.428125 0.2234375 0.0484375 0.115625
0 0.4859375 0.22734375 0.0484375 0.1078125
0 0.53984375 0.2140625 0.05078125 0.1390625
0 0.59609375 0.2140625 0.04296875 0.10546875
0 0.65390625 0.2171875 0.0484375 0.11796875
0 0.71015625 0.22109375 0.05078125 0.115625
0 0.7671875 0.21640625 0.04296875 0.09140625
0 0.82109375 0.209375 0.0453125 0.1109375
0 0.87265625 0.20546875 0.0484375 0.11328125
0 0.9328125 0.2125 0.053125 0.103125
0 0.98046875 0.21171875 0.03828125 0.1203125
0 0.05390625 0.85078125 0.0453125 0.1109375
0 0.00625 0.8609375 0.01171875 0.115625
0 0.13828125 0.8390625 0.05078125 0.115625
0 0.19609375 0.8328125 0.05078125 0.11796875
0 0.2671875 0.83046875 0.03828125 0.0984375
0 0.3296875 0.82421875 0.0484375 0.1109375
0 0.384375 0.83203125 0.04296875 0.10546875
0 0.43359375 0.82109375 0.05078125 0.11796875
0 0.49375 0.8265625 0.05546875 0.1296875
0 0.5484375 0.83515625 0.0484375 0.11328125
0 0.6609375 0.75 0.1109375 0.0484375
0 0.0375 0.49296875 0.0453125 0.10546875
0 0.04453125 0.6140625 0.0453125 0.1078125
0 0.0984375 0.61171875 0.04296875 0.0890625
0 0.15234375 0.609375 0.040625 0.1078125
0 0.21171875 0.603125 0.0484375 0.1109375
0 0.2640625 0.61328125 0.04296875 0.10546875
0 0.32109375 0.609375 0.05078125 0.1078125
0 0.37734375 0.6078125 0.0484375 0.10546875
0 0.43359375 0.6046875 0.0453125 0.1078125
0 0.49140625 0.60234375 0.05078125 0.11328125
0 0.5484375 0.59140625 0.04296875 0.1109375
0 0.60078125 0.5984375 0.04296875 0.10546875
0 0.65390625 0.5921875 0.03828125 0.1078125
0 0.71484375 0.5890625 0.05078125 0.09609375
0 0.77421875 0.5921875 0.0484375 0.1078125
0 0.83203125 0.59765625 0.0484375 0.11796875
0 0.88125 0.5875 0.040625 0.103125
0 0.9359375 0.584375 0.0453125 0.10546875
0 0.98515625 0.5890625 0.0296875 0.1125
0 0.0890625 0.4984375 0.03828125 0.11796875
0 0.14921875 0.490625 0.0484375 0.10546875
0 0.209375 0.4828125 0.0484375 0.1109375
0 0.26328125 0.490625 0.0453125 0.1109375
0 0.32109375 0.48828125 0.05078125 0.115625
0 0.3765625 0.4859375 0.0453125 0.10546875
0 0.43125 0.47734375 0.05078125 0.11328125
0 0.48828125 0.4734375 0.03828125 0.1109375
0 0.5421875 0.47578125 0.05078125 0.115625
0 0.6046875 0.46484375 0.05546875 0.11796875
0 0.6578125 0.46484375 0.040625 0.12265625
0 0.7171875 0.4625 0.05546875 0.11328125
0 0.77421875 0.475 0.03828125 0.0984375
0 0.8265625 0.4796875 0.0484375 0.103125
0 0.88671875 0.4703125 0.0484375 0.1078125
0 0.9484375 0.46015625 0.0453125 0.11796875
0 0.9890625 0.46015625 0.021875 0.11796875
0 0.8609375 0.68359375 0.10078125 0.05546875
0 0.821875 0.74609375 0.09609375 0.05078125
0 0.95390625 0.75859375 0.0921875 0.0484375
0 0.91953125 0.85078125 0.05546875 0.1203125
0 0.9796875 0.84609375 0.040625 0.10546875
0 0.8484375 0.8421875 0.053125 0.1078125
0 0.78515625 0.83671875 0.05078125 0.1203125
0 0.72734375 0.853125 0.05078125 0.09609375
0 0.6671875 0.853125 0.0453125 0.10546875
0 0.60703125 0.85 0.05546875 0.1078125