0 0.021772870427802817 0.09348637066359104 0.043545740855605634 0.1013085086728179
0 0.07395481174926735 0.10143468332272776 0.05539710722409337 0.11387214334022695
0 0.12786106174926734 0.10080742731540993 0.05324435821267652 0.11853237133990882
0 0.19289581273785053 0.09536540197327395 0.05305335722409339 0.1138448713399088
0 0.24979972874546172 0.09782678329886522 0.050023857718385044 0.1161522586728179
0 0.30639989722453087 0.08857850529122921 0.057931858212676525 0.11858691534054513
0 0.3593975632321421 0.09108533995068409 0.05324435821267652 0.11853237133990877
0 0.4136221482131141 0.08264558394336624 0.055588108212676526 0.11855964334022698
0 0.4759629807226281 0.08582458060154845 0.055492607718385045 0.11621589334022694
0 0.534571318175058 0.065620621260367 0.049832856729801735 0.11146475867281788
0 0.5986828977188224 0.08283484591823104 0.0501193582126767 0.11849600867281788
0 0.6510266477188225 0.08222577124445864 0.0555881082126767 0.11855964334022698
0 0.7063998972245309 0.08392408390359533 0.050119358212676525 0.11849600867281791
0 0.7637494822055029 0.0754479652291866 0.05353085969555131 0.12556362133990878
0 0.8242214085932374 0.03362455594567295 0.05390093281352506 0.0672491118913459
0 0.8740648996959889 0.07025993121423275 0.05305335722409339 0.11384487133990877
0 0.9278119822055029 0.0735389252069149 0.04941902125453836 0.10130850867281789
0 0.976440483194086 0.06828780386700611 0.044731521254538366 0.10125396467218158
0 0.021725461207405664 0.22544489532940926 0.04345092241481133 0.11143748667249972
0 0.07735970155942444 0.22867843598822782 0.05324435821267657 0.11853237133990877
0 0.13604895205371603 0.22565288598027364 0.04992835722409339 0.11380850867281786
0 0.1941161200384936 0.2187301766390922 0.04961002224312146 0.10599600867281789
0 0.2470819525480076 0.22201826129854707 0.04970552273741298 0.10833975867281787
0 0.3010837030422992 0.2190472552912292 0.05305335722409339 0.11384487133990877
0 0.35977295353659083 0.216021705283275 0.054983271748829846 0.10371589334022693
0 0.419020619544202 0.21845581460854815 0.053148857718385 0.11618862133990877
0 0.47667395205371604 0.22168935526736666 0.052830522737412976 0.10837612133990877
0 0.5311213715213684 0.20778084926004886 0.0564476126613009 0.13965339334022692
0 0.5873713715213684 0.20712632125241281 0.04726627224312132 0.10596873667249973
0 0.6450565375289796 0.20957861191123137 0.05324435821267652 0.11853237133990877
0 0.7011473700384936 0.21283033390359535 0.055492607718385045 0.116215893340227
0 0.7583696210270767 0.2074792152291866 0.04669326927737192 0.09190623667249972
0 0.8125623725099516 0.19982070922186876 0.049832856729801735 0.11146475867281787
0 0.8642840400004376 0.19531447521486908 0.05305335722409339 0.11384487133990877
0 0.9241537885175628 0.20164574387336948 0.05732702174883002 0.10374316534054513
0 0.9718418720156599 0.20030996320023337 0.04318360870696836 0.12075794267186343
0 0.022077999468527364 0.8501539939926822 0.04415599893705473 0.11146475867281787
0 0.10409207304361176 0.8374534519812281 0.055492607718384955 0.11621589334022708
0 0.16215924102838933 0.8305307426400468 0.055588108212676526 0.11855964334022681
0 0.23334849152268095 0.8273597419637289 0.042292270760246706 0.09888294267186346
0 0.29610315950745847 0.8203824886219111 0.05295785672980182 0.11150112133990894
0 0.3504723245264866 0.8275586419478206 0.0472662722431215 0.10596873667249973
0 0.4001367434998473 0.816048429941139 0.055588108212676526 0.11855964334022709
0 0.4600701590131669 0.8208171985996394 0.06075311068413462 0.13033293734086335
0 0.5144074905340977 0.828774601925549 0.05305335722409339 0.11384487133990868
0 0.6303773418266921 0.742309295910277 0.11291117688202626 0.04972837468172671
0 0.021109036911115098 0.49253239799490933 0.042218073822230195 0.10599600867281786
0 0.022181440932155325 0.6135443319939549 0.04436288186431065 0.10833975867281787
0 0.07351187098989573 0.610573325986637 0.04659776878308031 0.08956248667249973
0 0.12751362148418732 0.6076023199793191 0.045018022737413024 0.10828521467218159
0 0.18714328946896489 0.6006614293045922 0.05295785672980178 0.11150112133990878
0 0.23907320399370136 0.6102086046308198 0.0472662722431215 0.10596873667249973
0 0.2962636214841873 0.605638735956411 0.055174272737412974 0.1084033933402269
0 0.3525772884803817 0.603421707948775 0.05273502224312141 0.10603237133990877
0 0.40895462247277053 0.599642179941139 0.04970552273741298 0.10833975867281787
0 0.4668626229670621 0.5966257205999577 0.05539710722409339 0.11387214334022691
0 0.5243395419404229 0.585024601925549 0.047489106729801736 0.11143748667249972
0 0.576396790457548 0.5914467772517764 0.04726627224312132 0.10596873667249973
0 0.6297764584423257 0.5845786119112313 0.04267427273741298 0.10825794267186346
0 0.6908412924347144 0.580744539902959 0.054696770265955055 0.0966846433402269
0 0.7500889584423256 0.583178649228232 0.052830522737412976 0.10837612133990877
0 0.8076786239556452 0.5879746898870507 0.05324435821267661 0.11853237133990877
0 0.8573112094309089 0.5772457278803691 0.04482702174883002 0.1035977146721816
0 0.9121260434232976 0.5734843812062785 0.04961002224312132 0.10599600867281786
0 0.9611537924347143 0.5775991691995971 0.034271523725995935 0.11284544533736351
0 0.06875272821398912 0.4974011639879096 0.04308810821267657 0.11841419267186346
0 0.12922731319496106 0.48888868264641 0.05273502224312141 0.10603237133990877
0 0.18970189817593303 0.4803762013049104 0.05295785672980182 0.11150112133990878
0 0.2432898131949611 0.4875614452975926 0.049832856729801735 0.11146475867281787
0 0.3011978136892527 0.4845449859564111 0.055492607718384955 0.1162158933402269
0 0.3567620641835442 0.4815557986155478 0.04961002224312141 0.10599600867281786
0 0.4117997326626134 0.47232570194145723 0.05539710722409339 0.11387214334022691
0 0.46899015015309936 0.46775583326704845 0.04280160672980173 0.11138294267186347
0 0.5228008996588078 0.46947232725973065 0.055492607718385045 0.11621589334022708
0 0.5857465686321686 0.4578075739179129 0.060275608212676524 0.11861418734086335
0 0.6388715686321685 0.45718940857736773 0.045622859201259656 0.1231289646721816
0 0.6983420691264601 0.4541547679026408 0.06008460722409339 0.11392668734086331
0 0.754863983156905 0.4659911492282321 0.042292270760246706 0.09888294267186346
0 0.8070167321683218 0.47006957455445975 0.05263952174882967 0.10368862133990878
0 0.8675549841454882 0.4599945932129601 0.052830522737412976 0.10837612133990877
0 0.9296875696207518 0.449120180537915 0.0501193582126767 0.11849600867281787
0 0.9703125696207519 0.44864746586573345 0.026681858212676702 0.1182232886696362
0 0.8330831891649538 0.6735758352164599 0.10304142836490086 0.05664144601368122
0 0.791474009317178 0.7365303685550961 0.09816292737631774 0.05189940201304495
0 0.9229959233476229 0.7474940458705059 0.09416117688202626 0.04951019867918127
0 0.8848645705721537 0.8400815352085058 0.06037110870696836 0.12095793734086335
0 0.945211821560737 0.8346940538670061 0.044922522243121675 0.1059414646721816
0 0.8141209890512229 0.8323150358848235 0.05751802273741298 0.10843066534054521
0 0.7510625735379033 0.827582629893414 0.05568360870696818 0.12090339334022708
0 0.6925815700778623 0.8446615892345953 0.054696770265955055 0.09668464334022682
0 0.6324253200778622 0.8453615705760951 0.04961002224312132 0.10599600867281786
0 0.572396404070251 0.8429365519175948 0.05986177273741298 0.10845793734086336