0 0.02976020020978144 0.09361818979334555 0.05294924647551504 0.10104487041330892
0 0.08588014564567807 0.10188923204601912 0.059365189836819224 0.11357668667008758
0 0.13978639564567807 0.10157561465777229 0.057376637347308315 0.11825055113146817
0 0.204274948135189 0.09651086475596816 0.05702143983681927 0.11356305113146814
0 0.26154299647551504 0.09930406664956212 0.05407403859206372 0.11588862041330891
0 0.3171418010396184 0.09038306372269589 0.06206413734730827 0.118277822208707
0 0.3705035993799445 0.09319899151398889 0.05737663734730827 0.11825055113146814
0 0.4238178535291294 0.08507287412574208 0.059720387347308265 0.11826418667008758
0 0.48661385145453695 0.08861550976255736 0.0595427885920639 0.11592043667008758
0 0.542946361827499 0.0687479164766115 0.053718841081574806 0.11120112041330892
0 0.6091517022843739 0.08633941657480737 0.05425163734730827 0.11823237041330889
0 0.6614954522843739 0.08603488954564018 0.059720387347308265 0.11826418667008758
0 0.7171418010396184 0.08805593179831375 0.054251637347308444 0.11823237041330889
0 0.7735810551888033 0.07991163369190771 0.057909433613042086 0.12528180113146817
0 0.8286820296689941 0.03595298178073291 0.056582809337988135 0.07190596356146582
0 0.8834413072633958 0.07536451337679465 0.05702143983681936 0.11356305113146814
0 0.9376435551888033 0.07895714598854783 0.05294924647551511 0.1010448704133089
0 0.9807974922202783 0.07398784485707968 0.03840501555944335 0.10101759933607006
0 0.04601493008855696 0.22561307835702707 0.05137509108157471 0.11118748487468952
0 0.10412342801396453 0.2291829850710812 0.057376637347308315 0.11825055113146818
0 0.16253957925872 0.22649834660559556 0.053896439836819264 0.1135448704133089
0 0.21987848257806789 0.2199120033196497 0.05330444398600411 0.1057323704133089
0 0.27329948050347547 0.2235091811109427 0.05348204274124866 0.1080761204133089
0 0.3270281317482309 0.22085181372269588 0.05702143983681927 0.11356305113146811
0 0.3854442829929864 0.21816717525721022 0.058595595230759565 0.10342043667008757
0 0.4450560813333125 0.22094674161218472 0.0571990385920639 0.11590680113146819
0 0.50316457925872 0.2245166483262389 0.056607042741248746 0.10809430113146812
0 0.5560644363123343 0.21092178093799205 0.06131877614450918 0.13935793667008758
0 0.6123144363123343 0.21059452801112583 0.0509606939860042 0.10571873487468952
0 0.6703637346526603 0.21338318472518 0.05737663734730827 0.11825055113146818
0 0.7269097325780679 0.21696218179831375 0.0595427885920639 0.11592043667008758
0 0.7835857850675788 0.21194288369190772 0.049895101454536926 0.0916562348746895
0 0.8369592388018452 0.20459801630366087 0.053718841081574806 0.1112011204133089
0 0.8882257408764378 0.2003917844540335 0.05702143983681936 0.11356305113146818
0 0.9489147871421713 0.2070730556294682 0.06093934523075965 0.10343407220870704
0 0.9864064222529066 0.2060145496775399 0.027187155494186755 0.12053521379745061
0 0.11837459815376654 0.8504676326117531 0.05371884108157471 0.11120112041330898
0 0.0714879427598262 0.8609011385636816 0.020480288592063765 0.11569317769309713
0 0.2018616043775439 0.8382580032214537 0.059542788592063745 0.11592043667008767
0 0.2592005076968918 0.8316716599355078 0.059720387347308265 0.11826418667008767
0 0.3301166589416472 0.8289142985973854 0.04574039772027057 0.09866021379745078
0 0.39214306226099516 0.8223006842342006 0.05684384108157472 0.11121930113146812
0 0.44742255811181025 0.8297950216664141 0.0509606939860042 0.10571873487468934
0 0.49581251392066916 0.8185711753554059 0.059720387347308446 0.11826418667008758
0 0.5563831610162396 0.8236899465308408 0.06529588112353099 0.13001020774732658
0 0.6117218564521363 0.8319655339630543 0.05702143983681918 0.11356305113146811
0 0.7177691016782515 0.7461547781093217 0.11460787427505377 0.04908291549465282
0 0.07485493818643407 0.49275058138208916 0.05330444398600411 0.10573237041330899
0 0.09106212387406842 0.613803424766231 0.05348204274124866 0.10807612041330898
0 0.1447907751188239 0.6111460573779841 0.049717502699292385 0.08931248487468953
0 0.19851942636357936 0.6084886899897373 0.048794542741248656 0.10804884933607006
0 0.2574208296829273 0.6018932563447118 0.05684384108157463 0.11121930113146802
0 0.3105341742889869 0.6117449793155446 0.0509606939860042 0.10571873487468952
0 0.36726942636357934 0.6075069312091385 0.05895079274124866 0.10810793667008767
0 0.4234010271934164 0.6056171782822724 0.056429443986004156 0.10575055113146821
0 0.4794142288530903 0.6021649253554061 0.05348204274124875 0.10807612041330898
0 0.5370491300978457 0.5994848320694602 0.059365189836819356 0.11357668667008766
0 0.5932515859067046 0.5882155339630541 0.05137509108157481 0.11118748487468935
0 0.6461281321724381 0.5949422569338869 0.0509606939860042 0.10571873487468952
0 0.6987795354917861 0.58838318472518 0.04645079274124875 0.1080352137974506
0 0.75948023715146 0.5849036607210749 0.058062798965026016 0.09638918667008767
0 0.8190920354917861 0.5876832270760495 0.056607042741248746 0.1080943011314682
0 0.8773189325873567 0.5928156337901036 0.05737663734730845 0.1182505511314682
0 0.925768087981297 0.5823730374790956 0.048439345230759656 0.10336134933607007
0 0.9767832838239844 0.578929874911309 0.04643343235203119 0.10573237041330899
0 0.12683183528200465 0.49791934953246175 0.04722038734730827 0.11819146379745078
0 0.18639608943118952 0.4897568707078966 0.056429443986004114 0.10575055113146803
0 0.2459603435803744 0.48159439188333125 0.05684384108157472 0.11121930113146802
0 0.3004585894311895 0.48909327449508433 0.05371884108157472 0.11120112041330898
0 0.358093490675945 0.48641318120913846 0.059542788592063724 0.11592043667008767
0 0.41338464192070046 0.4837467234618121 0.0533044439860042 0.10573237041330899
0 0.46742094648480387 0.47483481089402557 0.059365189836819356 0.11357668667008766
0 0.5241561985593963 0.47059676278761947 0.04668759108157481 0.1111602137974506
0 0.5782400473146408 0.4726268953993726 0.0595427885920639 0.11592043667008767
0 0.6399112531234996 0.461325781036188 0.06440788734730826 0.11829145774732659
0 0.6930362531234996 0.4610167088274809 0.04991933485779736 0.12289259933607007
0 0.7522336543682551 0.45832752518245545 0.06405268983681936 0.11360395774732641
0 0.8102120977295593 0.4704957270760494 0.04574039772027057 0.0986602137974506
0 0.8629110452400484 0.47487870004688215 0.056251845230759656 0.10340680113146802
0 0.9223569002190702 0.465153721222317 0.056607042741248746 0.10809430113146803
0 0.9780901184696782 0.45463840203867206 0.04381976306064352 0.11823237041330881
0 0.912737136946323 0.6785849621471306 0.10498442054078723 0.056055078160635395
0 0.8784106037528439 0.7413122211241211 0.09994172303029814 0.05134030708339647
0 0.9817300549883108 0.7530440857818934 0.03653989002337852 0.048973831185697494
0 0.9758534275512449 0.8454315736816451 0.04829314489751013 0.12063520774732632
0 0.9122546527178699 0.8372514350197676 0.06129454274124839 0.10812157220870695
0 0.8485590056222992 0.8321508445624921 0.05989798610255263 0.12060793667008758
0 0.7919896969090111 0.8488934378484381 0.058062798965026016 0.09638918667008767
0 0.7318334469090111 0.8492434166730032 0.0533044439860042 0.10573237041330899
0 0.671440398568685 0.8464683954975685 0.06363829274124874 0.10813520774732659