0 0.57578125 0.52890625 0.07421875 0.20703125
0 0.578125 0.7859375 0.06953125 0.1921875
0 0.57578125 0.96484375 0.06953125 0.06953125
0 0.76328125 0.97421875 0.1453125 0.0515625
0 0.921875 0.96171875 0.13671875 0.0765625
0 0.91953125 0.86640625 0.13203125 0.0890625
0 0.7703125 0.87109375 0.13203125 0.0796875
0 0.7640625 0.765625 0.134375 0.09375
0 0.9171875 0.7609375 0.1515625 0.0890625
0 0.91796875 0.65859375 0.1390625 0.09609375
0 0.75625 0.571875 0.1421875 0.09140625
0 0.921875 0.55546875 0.13671875 0.08203125
0 0.77421875 0.4703125 0.15390625 0.0890625
0 0.9265625 0.4546875 0.13671875 0.08671875
0 0.93515625 0.3546875 0.1296875 0.0890625
0 0.9328125 0.25 0.134375 0.08203125
0 0.92890625 0.14921875 0.1421875 0.08671875
0 0.9265625 0.0453125 0.146875 0.090625
0 0.775 0.05625 0.13671875 0.09375
0 0.78125 0.15390625 0.115625 0.09140625
0 0.78984375 0.259375 0.13671875 0.09140625
0 0.78828125 0.36640625 0.14453125 0.0890625
0 0.578125 0.2203125 0.06953125 0.21875
0 0.58203125 0.03984375 0.0625 0.0796875
0 0.65859375 0.01328125 0.0578125 0.0265625
0 0.3921875 0.046875 0.14453125 0.0890625
0 0.2359375 0.05078125 0.14453125 0.09140625
0 0.228125 0.1546875 0.14453125 0.084375
0 0.37734375 0.14921875 0.125 0.0765625
0 0.38203125 0.2546875 0.14453125 0.0765625
0 0.22734375 0.2609375 0.13671875 0.0890625
0 0.234375 0.36640625 0.13203125 0.0796875
0 0.228125 0.46640625 0.14453125 0.09140625
0 0.390625 0.45703125 0.12734375 0.0765625
0 0.37890625 0.55859375 0.13203125 0.0796875
0 0.225 0.5734375 0.1515625 0.084375
0 0.2234375 0.67421875 0.14453125 0.084375
0 0.38203125 0.66328125 0.14453125 0.08203125
0 0.38125 0.77734375 0.1421875 0.0796875
0 0.23203125 0.7796875 0.1421875 0.09375
0 0.2234375 0.88359375 0.134375 0.084375
0 0.37734375 0.87109375 0.14453125 0.0890625
0 0.3796875 0.96640625 0.1390625 0.0671875
0 0.22578125 0.96484375 0.1390625 0.06953125