0 0.5480624479885791 0.5356060714114964 0.08506879805469225 0.20789486334340862
0 0.5369357609697347 0.7926645934118146 0.07960337008095948 0.19299656934277234
0 0.5252159317073782 0.9681867058700551 0.07317522840327388 0.06362658825988987
0 0.7122246087765998 0.9782368247135433 0.14801477611928177 0.04352635057291323
0 0.8714734560176378 0.9666845267245996 0.14073122060135787 0.06663094655080073
0 0.8741248224805526 0.8771059647914943 0.13669881784239593 0.09059882268458992
0 0.7246604110151633 0.8800571474379044 0.13620749491161738 0.08122382268458991
0 0.7239377939864216 0.7745156721037225 0.139288229307785 0.09531359468490823
0 0.8773084554518109 0.7716099427911761 0.15623006784239593 0.0908260893539083
0 0.8834533141128096 0.6692752834579488 0.14409856004047975 0.09771188868554467
0 0.7262793012225108 0.5806747654359953 0.14697789857509047 0.0930607513526354
0 0.8927641163513733 0.5661957367918123 0.14101782564431176 0.08362211668522654
0 0.7495707163059446 0.4793213507717679 0.15857381784239594 0.09085336135422643
0 0.9027333378572422 0.46546903079244883 0.1412634871097012 0.08830961668522655
0 0.9165678657855463 0.3655690281269487 0.13435506784239593 0.09057155068427196
0 0.9197105551792397 0.26085425612663055 0.1386740756443121 0.08359484468490823
0 0.9210860266851087 0.16002755279276693 0.1467322371097012 0.08837325135263545
0 0.9241877725012373 0.05609403079244877 0.1516244549975255 0.0923340453532718
0 0.772052062415329 0.06526794143854062 0.141631979307785 0.09534086668522641
0 0.7731841152197194 0.1629969167727224 0.12041539857509029 0.09275166868236288
0 0.7762504822484612 0.2685656641072224 0.14150914857509064 0.09299711668522637
0 0.7690787121220731 0.3755787327736769 0.14919881784239591 0.09074427335295354
0 0.5665789111267049 0.22703959341181457 0.08099545171816516 0.21955906934277233
0 0.5799431275441913 0.04661629674567818 0.06667624491161739 0.08041475334181779
0 0.6578977091813971 0.02094468208940498 0.059204581637205676 0.02723520934118146
0 0.38973088534610745 0.05143851471990664 0.14919881784239583 0.09074427335295362
0 0.23327616745828306 0.05352663136536216 0.14932164857509048 0.09308802335295366
0 0.2200181716421546 0.15734197469763495 0.14895315637700657 0.08605677335295363
0 0.3695235266851087 0.1536095420512249 0.1290124706013578 0.0780170066836356
0 0.36868364371385043 0.25913283605186127 0.14854372060135787 0.07824427335295363
0 0.21366859509333141 0.26358288403086216 0.14138631784239583 0.09065336668522636
0 0.2151724621220732 0.3691334500318167 0.1362074949116173 0.0812238226845901
0 0.20368168419376906 0.4690607246976349 0.14932164857509048 0.09308802335295355
0 0.36667300712454753 0.46157658338636126 0.13135622060135788 0.07804427868395365
0 0.34963159204111366 0.5630027233847704 0.13620749491161738 0.0812238226845901
0 0.1949474140673811 0.576055612030544 0.15598440637700656 0.08613858935390813
0 0.18810319256151206 0.6768186806969986 0.14895315637700657 0.08605677335295354
0 0.34727015264742034 0.6677265860518613 0.14883032564431192 0.08371302335295354
0 0.34051114032294844 0.7817799953850886 0.14636374491161738 0.0813420013526354
0 0.19116955959025383 0.7823874280314985 0.14710072930778512 0.09540450135263541
0 0.1771303137741253 0.8861936806969986 0.13879690637700656 0.08593859468490841
0 0.33169166101516334 0.8754845420512251 0.14919881784239591 0.09074427335295354
0 0.3290402945522485 0.9682107473543855 0.14258364767057935 0.06357850529122899
0 0.1752159317073782 0.9659481291772721 0.14270647840327397 0.06810374164545578