0 0.5032831585773677 0.6637577960693605 0.09155334269572588 0.21509883601209018
0 0.5684070772199598 0.8418833434118145 0.07202209269572588 0.21487156934277243
0 0.35927752522282325 0.8183532947167251 0.15265338001272663 0.09551358935390804
0 0.3487951059039135 0.7119669347151341 0.14327838001272664 0.09540450135263541
0 0.35468257391791286 0.6088964787157705 0.13780963001272664 0.09534086668522654
0 0.3605700419319122 0.5058260227164068 0.14791133601209036 0.09077154535327167
0 0.20371151460059395 0.48915504869508963 0.14004429201145402 0.08599313868554467
0 0.19619791191918554 0.5976760733609078 0.14791133601209036 0.09077154535327185
0 0.19100987790423168 0.7077868700270442 0.14556758601209033 0.09074427335295372
0 0.19137240989023235 0.8109300513605897 0.108794292011454 0.08562951201463562
0 0.19719460120946025 0.9149181173615443 0.13780963001272667 0.09534086668522619
0 0.1987474632002334 0.9814890405096246 0.13716419267186342 0.03702191898075071
0 0.36431791919959705 0.9869016580203628 0.15190794533736343 0.02619668395927448
0 0.5532804218650972 0.997090683203362 0.048573860001590675 0.00581863359327599
0 0.20809102661522966 0.3813789113621805 0.18166871801399936 0.10522494402449886
0 0.388450688613957 0.3928538553866794 0.1377005420114541 0.08596586668522636
0 0.36783929129536536 0.28400556671704313 0.14780224801081765 0.08139654535327186
0 0.19133133529600171 0.27726357602640783 0.125981792011454 0.08582950668363551
0 0.2035778913112737 0.16489084536122597 0.14327838001272666 0.09540450135263549
0 0.37552561664545553 0.1606407920512249 0.14575849001431748 0.10715052335295364
0 0.37437274399268217 0.05826977005090674 0.15030963001272662 0.09548631735358999
0 0.20952899399268216 0.05635163936186233 0.13780963001272672 0.09534086668522643
0 0.5711750186585004 0.06681061807763279 0.06389996268299925 0.12103975334181778
0 0.7408076938654153 0.996800602880316 0.12044886000159068 0.006398794239368044
0 0.8892633751989607 0.9947072567234064 0.12992385733609096 0.010585486553187095
0 0.8956230105426876 0.923826423456358 0.1502278140117724 0.08845506735358981
0 0.7440968732097784 0.9189378341024497 0.11671588001272663 0.09509541868236297
0 0.7546536598902323 0.8174844221037226 0.12603633601209055 0.0905170066836356
0 0.9140832038908687 0.8146514181253579 0.08775508601209055 0.09007156401177205
0 0.9042911279042316 0.7160866487905398 0.1433329240133631 0.1000920013526354
0 0.7503848779042317 0.7142957874363134 0.14322383601209054 0.09071700135263541
0 0.7470155245862764 0.6009599934356771 0.14322383601209038 0.09071700135263541
0 0.9016666619191855 0.6058849454566761 0.14009883601209056 0.09068063868554468
0 0.8934734485996394 0.5042133574554034 0.11660679201145427 0.08572041868236298
0 0.7560370832670485 0.4971446501034043 0.11663406401177223 0.08806416868236297
0 0.7571734166136388 0.3994884001034043 0.13077838001272682 0.09525905068427196
0 0.9150677326145932 0.39429346479149424 0.12838008601209056 0.09054427868395383
0 0.9202648572963199 0.2834014181253579 0.13072383601209053 0.09057155068427196
0 0.7685569066279563 0.2941378287714497 0.15030963001272662 0.09548631735358999
0 0.7619534653087283 0.19014067210372249 0.1549971300127268 0.0955408613542263
0 0.9128710753103192 0.1801764207908579 0.13770054201145393 0.08596586668522646
0 0.9171687713240004 0.07943153345794882 0.1455675860120902 0.09074427335295365
0 0.7686949086569095 0.08082930677113156 0.12126702001113579 0.08343121268299925
0 0.7655431839990455 0.015940103437267945 0.136882382001909 0.015653366685226423