0 0.507110458827481 0.6578125 0.09030787919390768 0.2140625
0 0.5732662030719443 0.83515625 0.07077662919390768 0.2140625
0 0.3640139229195192 0.8140625 0.1521079215447771 0.09375
0 0.3529133173369332 0.7078125 0.14273292154477701 0.09375
0 0.35820078103618797 0.6046875 0.13726417154477702 0.09375
0 0.3634882447354427 0.5015625 0.14739315046753818 0.0890625
0 0.20654335314669908 0.48671875 0.13955337939029935 0.084375
0 0.19966157319066563 0.5953125 0.14739315046753818 0.0890625
0 0.1951144528755526 0.70546875 0.14504940046753823 0.0890625
0 0.19607698917629782 0.80859375 0.10830337939029935 0.084375
0 0.20250373029750324 0.9125 0.1372641715447771 0.09375
0 0.20445204967753988 0.98046875 0.1369414637974506 0.03828125
0 0.3700497786003011 0.98515625 0.1517352168225127 0.0296875
0 0.5590622816253632 0.99375 0.048505677693097125 0.01171875
0 0.2102955879231927 0.37890625 0.18106871369925476 0.103125
0 0.390709795768715 0.38828125 0.13720962939029935 0.084375
0 0.36946657572474845 0.2796875 0.1473386083130605 0.0796875
0 0.19293134680198726 0.275 0.12549087939029935 0.084375
0 0.20452335265571975 0.1625 0.1427329215447771 0.09375
0 0.3764347140920382 0.15625 0.14514484923787424 0.10546875
0 0.3746863826117532 0.05390625 0.149764171544777 0.09375
0 0.2098426326117532 0.05390625 0.13726417154477705 0.09375
0 0.5715250211754347 0.06015625 0.06319995764913067 0.1203125
0 0.7465759171639826 0.99140625 0.12038067769309713 0.01171875
0 0.8950225075230623 0.98984375 0.12980567466803522 0.0203125
0 0.9009366851179635 0.91328125 0.1497232649289188 0.08671875
0 0.7493923658361228 0.91015625 0.11617042154477701 0.09375
0 0.7593582391762979 0.80859375 0.1255181504675381 0.0890625
0 0.9187605102535368 0.80390625 0.08723690046753844 0.0890625
0 0.9083957028755526 0.70546875 0.14276019262201595 0.0984375
0 0.7544894528755526 0.70546875 0.14270565046753808 0.0890625
0 0.7504610039088249 0.5921875 0.14270565046753808 0.0890625
0 0.9051303231906657 0.5953125 0.1395806504675381 0.0890625
0 0.8963461965308408 0.49375 0.11611587939029952 0.084375
0 0.7588780127876195 0.48828125 0.1161295149289188 0.08671875
0 0.7594461602300957 0.390625 0.130232921544777 0.09375
0 0.9172995668459538 0.38359375 0.1278619004675381 0.0890625
0 0.9218512323406067 0.27265625 0.1302056504675381 0.0890625
0 0.7702160094679698 0.28515625 0.149764171544777 0.09375
0 0.7630080183467645 0.18125 0.15445167154477701 0.09375
0 0.9138574460398615 0.16953125 0.13720962939029918 0.084375
0 0.9175687742004968 0.06875 0.14504940046753845 0.0890625
0 0.7691130934823376 0.071875 0.12078974385167988 0.08203125
0 0.7655840933841417 0.00703125 0.13680056323171658 0.0140625