0 0.26164811065075155 0.5204862293037188 0.08073743647369583 0.18185970048646743
0 0.2582832578968359 0.7479117999205698 0.06590732201231528 0.18394435186643907
0 0.18836216421810664 0.9507152459428102 0.1661613311856974 0.09507849512873605
0 0.4946242371141847 0.5445474720001181 0.14266474385167988 0.08451314204448082
0 0.6306940682016863 0.6992195608809137 0.06123345755093475 0.1862062812495882
0 0.70560316461089 0.6822854310112973 0.05890334308955403 0.18850912094116268
0 0.78763441461089 0.6808535702164045 0.06822380093507655 0.1792977621748646
0 0.8743031676359522 0.6707461388046607 0.06812380698520074 0.16211026217486477
0 0.9588190682016862 0.6934921177013422 0.07289766539645726 0.17703583279171564
0 0.8693050327847038 0.2145370491130861 0.0775851653964569 0.17711765340856667
0 0.7849209424256242 0.2144473202164045 0.06822380093507636 0.1792977621748646
0 0.7091396924256242 0.21577008685549598 0.06593459308955403 0.1886318518664391
0 0.6279033279642436 0.21953206088091365 0.07533686416679294 0.19348299310014117
0 0.5442823068870049 0.21630369521475687 0.06827834308955402 0.1886727621748646
0 0.3717300751355732 0.10289753449929426 0.05654595755093474 0.18612446063273708
0 0.2857425781606353 0.09580382914156296 0.07519596360105893 0.16926424310014115
0 0.2107107619038567 0.09243504028062492 0.07529595755093473 0.18487008056124984
0 0.12553178600615764 0.08943662398570255 0.0682238009350764 0.1788732479714051
0 0.04896019564707802 0.08968010876629796 0.06042039129415604 0.17936021753259593