0 0.0421875 0.21484375 0.06484375 0.15625
0 0.12265625 0.21484375 0.0671875 0.18046875
0 0.19140625 0.2234375 0.06484375 0.1875
0 0.26796875 0.21875 0.06953125 0.1734375
0 0.3453125 0.2078125 0.06484375 0.17578125
0 0.4890625 0.2140625 0.06953125 0.178125
0 0.5625 0.2171875 0.0625 0.17578125
0 0.6359375 0.2140625 0.06484375 0.15859375
0 0.71171875 0.21875 0.071875 0.178125
0 0.78828125 0.2234375 0.071875 0.16328125
0 0.859375 0.21015625 0.06953125 0.146875
0 0.9375 0.21015625 0.08203125 0.1609375
0 0.8640625 0.66328125 0.06953125 0.1875
0 0.790625 0.6671875 0.0671875 0.1703125
0 0.7125 0.6609375 0.06484375 0.1828125
0 0.63203125 0.6703125 0.071875 0.1828125
0 0.55546875 0.665625 0.0671875 0.22109375
0 0.4796875 0.67421875 0.06484375 0.18046875
0 0.3921875 0.67890625 0.0625 0.18046875
0 0.3234375 0.6765625 0.05546875 0.165625
0 0.2515625 0.66484375 0.06484375 0.18046875
0 0.17890625 0.6671875 0.06953125 0.17578125
0 0.10078125 0.65859375 0.0671875 0.178125
0 0.03125 0.66328125 0.0578125 0.1734375