0 0.26740565545799405 0.7286222499602292 0.07466272721932725 0.2148442973424542
0 0.28170380155179525 0.4980807746260473 0.07163693094019159 0.1952857753421359
0 0.21917655281773962 0.25359552530236507 0.15718007213985136 0.09554086135422626
0 0.2360044434692453 0.15187848396722878 0.13530507213985138 0.0952863226845901
0 0.2419766796742472 0.04794496196691061 0.13522322658635505 0.09294257268459008
0 0.626986530500403 0.5620041779121859 0.0747445727728234 0.21718804734245403
0 0.7019146086307042 0.5408280645687773 0.07381698983319893 0.19062554734245402
0 0.7813020082678844 0.5484945665579596 0.06989338166583092 0.21244600334181776
0 0.8676760178865314 0.5349945932129601 0.08379219055883844 0.20792213534372675
0 0.9443650034585611 0.5528446172024606 0.08019596460545557 0.23911759134309046
0 0.14855641862001995 0.9564756246419556 0.17007937622353536 0.08475790268936265