0 0.07421875 0.11796875 0.1484375 0.0984375
0 0.5 0.10078125 0.15859375 0.10078125
0 0.696875 0.10234375 0.15859375 0.103125
0 0.90625 0.10703125 0.14453125 0.0984375
0 0.1140625 0.44453125 0.165625 0.1109375
0 0.32421875 0.4421875 0.15859375 0.10078125
0 0.53125 0.44453125 0.14453125 0.08671875
0 0.7328125 0.4265625 0.15859375 0.0890625
0 0.91484375 0.40625 0.1515625 0.09609375
0 0.115625 0.84140625 0.14453125 0.09609375
0 0.31953125 0.85703125 0.115625 0.09375
0 0.5015625 0.8703125 0.1515625 0.1109375
0 0.6859375 0.87890625 0.1421875 0.103125
0 0.8609375 0.9046875 0.16328125 0.09375