0 0.8598764994313463 0.7877781549655383 0.21155160672980172 0.1121419725780493
0 0.6382548033091293 0.5336593232888616 0.0886008794672147 0.2192136083130606
0 0.5402802183281574 0.5420399707313377 0.09493179250907638 0.20206701492891882
0 0.43737805281483777 0.5371711844305924 0.11380912650146531 0.20530109923787415
0 0.3332489683281573 0.543244443309387 0.1000331279843401 0.21225053600615773
0 0.23088797228249006 0.5250944070086417 0.09923729053191013 0.19271928600615773
0 0.13284972030532372 0.5350375544511179 0.10607753954332697 0.18807269262201592
0 0.03914145390730949 0.5403250181503726 0.07828290781461898 0.2075494004675381
0 0.9211720740693761 0.4335991941931498 0.11184737847863176 0.21466246369925482
0 0.7531436101526618 0.26352356441006697 0.20107702174882985 0.10427038524403187
0 0.7771779708367964 0.13372698010111153 0.1553825197716634 0.0946317648307229
0 0.9407629683653382 0.14449124239775166 0.10912162650146513 0.2052738281606353