0 0.61171875 0.84765625 0.0796875 0.15625
0 0.609375 0.6828125 0.06015625 0.1734375
0 0.52890625 0.7453125 0.0625 0.134375
0 0.4640625 0.59375 0.053125 0.16796875
0 0.52734375 0.40234375 0.06953125 0.1609375
0 0.609375 0.44921875 0.05546875 0.1734375
0 0.603125 0.24375 0.0765625 0.17578125
0 0.6046875 0.06953125 0.07421875 0.134375
0 0.4578125 0.05390625 0.07421875 0.1078125
0 0.4234375 0.29921875 0.0625 0.1515625
0 0.36328125 0.53359375 0.0671875 0.15390625
0 0.38125 0.7125 0.06015625 0.17578125
0 0.89765625 0.27265625 0.06484375 0.1609375
0 0.86875 0.08046875 0.06953125 0.1609375
0 0.36328125 0.115625 0.0625 0.15859375
0 0.240625 0.1625 0.0625 0.1703125
0 0.1765625 0.1578125 0.05546875 0.1421875
0 0.10546875 0.16953125 0.0671875 0.18046875
0 0.0359375 0.1609375 0.0625 0.178125
0 0.16484375 0.34765625 0.06015625 0.1609375
0 0.03828125 0.3421875 0.0671875 0.165625
0 0.07578125 0.59765625 0.13671875 0.084375
0 0.23828125 0.47109375 0.134375 0.0765625
0 0.24375 0.56015625 0.1421875 0.071875
0 0.22734375 0.646875 0.1421875 0.0765625
0 0.1234375 0.70546875 0.12265625 0.0984375
0 0.05625 0.82578125 0.06015625 0.165625