0 0.6410184212285502 0.7832207922033414 0.06686187802354446 0.17456935186643907
0 0.5580637546149114 0.3910684740221224 0.0644272213558171 0.16671594155801364
0 0.655812005967547 0.2505582966675683 0.0644272213558171 0.16671594155801364
0 0.49179605398631876 0.10938605153883225 0.06920562802354446 0.17461026217486458
0 0.167416194541733 0.9234216834403387 0.13521134134309043 0.07422052434972919
0 0.07132353922664128 0.7873420872559425 0.06691642202418069 0.17925685186643925
0 0.22652865989023235 0.8127120543815014 0.135356792011454 0.08672052434972918
0 0.20879681456877722 0.7248847719140972 0.13298577001113587 0.08433586404130367
0 0.2151746312460495 0.6468552293004235 0.12827099801081768 0.08191029342445262
0 0.20837119525782163 0.5600001116056716 0.13295849801081766 0.08199211404130366
0 0.19995980593573023 0.47702397037196975 0.12818009134309047 0.07409779342445262
0 0.19707171061427514 0.38945578652459384 0.125981792011454 0.08655688311602719
0 0.20846429129536537 0.28338306452777107 0.15483349801081767 0.08237394358660852
0 0.2198488759945912 0.04368931899199793 0.14311474801081767 0.08216939204448094
0 0.11000970464672818 0.1488250580349493 0.06222892202418069 0.17917503124958806
0 0.04372163331477358 0.13750968262955984 0.06457267202418071 0.1792159415580136
0 0.02743583464951215 0.3481608104705813 0.0548716692990243 0.1908528709411626
0 0.09204840328613853 0.34933357264544596 0.06002153202577154 0.1908528709411625
0 0.08477915392268538 0.5711267520285949 0.06931471602481705 0.1839852621748646
0 0.43673835920596044 0.9419086306803951 0.06549882535009015 0.11618273863920976