0 0.6769544689514427 0.775656589377121 0.07090032095872498 0.17381474990180407
0 0.5758135433687288 0.38452252926866237 0.0682837524470706 0.1659886143631847
0 0.666941996456621 0.24289408635205886 0.0682837524470706 0.1659886143631847
0 0.4964881088003402 0.10364925828961939 0.07324407095872498 0.17382838544042353
0 0.21026302067287408 0.9213488009350763 0.1368849303072194 0.07265677088084707
0 0.10791429227242048 0.7864056534926004 0.07106401206571755 0.17850224990180408
0 0.2641742159562179 0.8099663942210222 0.13732143992586626 0.08515677088084708
0 0.24236864862568996 0.7223573099120669 0.13489584437236993 0.08279938534222779
0 0.24510921350914713 0.6442641261688455 0.13012649881887361 0.08042836426498887
0 0.23426842802978465 0.5574999243734474 0.13481399881887363 0.0804556353422278
0 0.22200155180624934 0.47463288221896976 0.1298536803072194 0.07261586426498887
0 0.2150397344757214 0.3871101563212707 0.12794643992586624 0.08510222872636941
0 0.22148565271722317 0.2809192436552882 0.1566889988188737 0.08058290036934235
0 0.22170387440943679 0.041125490630226094 0.1449702488188736 0.08051472267624521
0 0.11684773801910045 0.14752496067419268 0.06637651206571756 0.17847497882456526
0 0.05008682395394989 0.1369823704133089 0.06872026206571757 0.1784886143631847
0 0.04104667376861542 0.34782442164297295 0.06444198983319899 0.19018009328594587
0 0.10823417376861541 0.3482153070833965 0.06444198983319897 0.19018009328594587
0 0.11129471949959695 0.5700630360061576 0.07357145317271012 0.18320338544042353
0 0.48042175324967895 0.9394902677575893 0.06837303248413758 0.12101946448482152