0 0.5453125 0.5328125 0.16796875 0.0984375
0 0.290625 0.53125 0.16796875 0.09140625
0 0.08515625 0.53828125 0.165625 0.08671875
0 0.25859375 0.24609375 0.1609375 0.09375
0 0.87734375 0.2875 0.1828125 0.0890625
0 0.9046875 0.16796875 0.18046875 0.09140625
0 0.90625 0.05078125 0.1828125 0.09609375
0 0.22265625 0.11640625 0.18515625 0.0796875
0 0.03359375 0.109375 0.0671875 0.0890625
0 0.0640625 0.24765625 0.12734375 0.09609375
0 0.23203125 0.9734375 0.1609375 0.053125
0 0.04453125 0.96640625 0.0890625 0.0671875