0 0.5491987061195919 0.9798323200290326 0.16512759288963733 0.04033535994193471
0 0.9493221392480642 0.96770426989177 0.10135572150387162 0.06459146021645985
0 0.7660678711386198 0.9730947913749072 0.23060801285158128 0.05381041725018569
0 0.9590042448285289 0.45788379746176683 0.08199151034294232 0.20254429201145396
0 0.8608764219762912 0.4301304201145403 0.08830244912514758 0.15486077001113582
0 0.7666462609115959 0.45558385876826807 0.10139003954332697 0.18859088001272664
0 0.6785095909496521 0.4389407040897232 0.11301328904903549 0.18638349001431748
0 0.5684488414439437 0.44000267007476934 0.09037162650146531 0.2056420200111358
0 0.4738685119001792 0.4568623587284971 0.0968935405319101 0.19322383601209037
0 0.371015425930624 0.44317148138127055 0.09933279102620177 0.1955948580124085
0 0.26304375844013805 0.4380107193666348 0.08382053756616062 0.17901588534372675
0 0.16820876091159598 0.4486204080203627 0.08284562798434006 0.2125823633434086
0 0.06918101190017914 0.452153393340227 0.09942829152049333 0.1979386080124085
0 0.16025836216700926 0.13851870202099903 0.0879005425090765 0.20248974801081765
0 0.05891869665368963 0.14280566534054512 0.09046712699575687 0.20798577001113588
0 0.2560801981365644 0.15212776336727116 0.08420253954332697 0.18839088534372683
0 0.3541821171099251 0.16420159671386148 0.09740287650146531 0.20572383601209038
0 0.4566704471479811 0.1497765647278608 0.10218587699575679 0.20812213001272667
0 0.5625530326232447 0.16116005474217837 0.09698904102620176 0.19556758601209037
0 0.6579291996194392 0.16383161608845048 0.10452962699575678 0.20814940201304485
0 0.7613088676042168 0.17128158410244984 0.0989507890490355 0.1862198580124085
0 0.8484732865775776 0.183228148114222 0.0834067020908968 0.16885963534372678
0 0.9485346534124709 0.1812758441279032 0.10293069317505825 0.19799315201304485