0 0.08377295277735672 0.6416431546785448 0.11441299970541241 0.19584939668204485
0 0.2999973955957643 0.6754112693745891 0.21932269262201592 0.10098288669636232
0 0.06419833450534715 0.11169202534213596 0.11674311416679298 0.19353291868236294
0 0.3204296329063408 0.2521828547103616 0.10649141539645698 0.17700849001431748
0 0.4491858919815271 0.27946406472786084 0.11459480688700481 0.22709939668204476
0 0.5851597534178457 0.2747958407463145 0.11692492134838517 0.2247829186823629
0 0.7125580455723233 0.2669026194302683 0.12627265027114642 0.22020450668363561
0 0.8469285003927833 0.2692474641151765 0.13091924365528831 0.21322780068427188
0 0.465412796456086 0.8476600813971789 0.10439765027114642 0.21994996801399935
0 0.5872105284039093 0.8623594754137235 0.1239698068870048 0.2272084846833174
0 0.716221317533325 0.8458906854312229 0.13079197862817366 0.19135280068427188
0 0.8560968837901036 0.8420491647835402 0.13106014422102213 0.23744655068427187
0 0.9617792572284746 0.8065576547978577 0.06844651473252697 0.21718804734245403