0 0.6793353913692959 0.5415371365770495 0.2359276094333124 0.22609197469763487
0 0.23654520144342958 0.4622801819700923 0.1383333576192138 0.1820050726845901
0 0.2783508217613332 0.9432392806333653 0.142827395460829 0.10943063868554433
0 0.8138716263931715 0.7236400172263231 0.31285964246560416 0.14811297270845253
0 0.9000502738361537 0.8287445932129602 0.19989945232769274 0.17606470269731672
0 0.9200230035759767 0.9496383485439601 0.15995399284804676 0.0764550540260899
0 0.7358581767638404 0.3025013612349136 0.3087475505403049 0.2316249067074981
0 0.2523437831171098 0.24325746196691062 0.1403522146054555 0.23981757268459009
0 0.6091245180561673 0.1017375786322516 0.2041865361123346 0.2034751572645032
0 0.7881026899258662 0.08010706878582037 0.17617809800056694 0.16021413757164074
0 0.2680605192372937 0.023845485319864256 0.1392460384745874 0.04769097063972851