0 0.46276841266662483 0.44437969643264497 0.1130490647365729 0.255232921544777
0 0.21558575934727697 0.4520705183467643 0.18321800954776962 0.1713033491396784
0 0.23031480063863308 0.6567625635263041 0.1871126041538293 0.1814777798578376
0 0.2525953101864027 0.8270205213718265 0.1769563541538293 0.18141869252382
0 0.33379961122602114 0.9187762293155446 0.1799862657715469 0.15957096360105893
0 0.6426721680652095 0.6215365731906657 0.10296366971559472 0.24580337939029934
0 0.643307095030267 0.3823649888817102 0.17353627884380157 0.2290340359079618
0 0.7896833423309746 0.2924116336919077 0.18492221950581325 0.15257152985783762
0 0.8057908265594275 0.13365425722847457 0.21050163734730837 0.11914140632127071
0 0.27430679606524094 0.2883756570086417 0.18996491701630241 0.15728630093507637
0 0.2277725703356503 0.14874098526747295 0.1928656966852965 0.19556755093507644
0 0.18081321473192852 0.0659302726634168 0.16859847987877555 0.1318605453268336
0 0.940827170764502 0.7089037212223169 0.1153928147365729 0.2552465570833965
0 0.9887565459090659 0.6779668177297167 0.02248690818186816 0.30113122882456517