0 0.42630640730322933 0.4393884135581317 0.09523172852997774 0.2563239123370204
0 0.17861379586691087 0.4499612694817605 0.17130334913967832 0.1732853157455871
0 0.17664170882748093 0.6546624062512357 0.17448743647369583 0.18349611282348768
0 0.1850258596878026 0.8248112650175337 0.16433118647369588 0.18331883482031053
0 0.2587082785021052 0.9157032719173925 0.16889142144658117 0.16152565543716157
0 0.591676356368153 0.6146087816599205 0.0858021863754999 0.24678527110331833
0 0.6118171813073344 0.3752189991925164 0.1575771924256241 0.23085235389503395
0 0.7654603317748727 0.28348369237538307 0.17431926483072288 0.1545898628234877
0 0.7945080032214539 0.12439901867427694 0.2022488221105112 0.12148703652459387
0 0.2506574883907309 0.28543907345952013 0.1790340359079618 0.15935918344033873
0 0.21553357552835667 0.1462226148553779 0.17925674970541242 0.19764043344033877
0 0.17539490973911623 0.06536886698490826 0.1593618853422277 0.13073773396981653
0 0.8825644559006147 0.6985847666456821 0.09757547852997775 0.2563648226454459
0 0.9632104679026672 0.6667114293897395 0.061906144122826134 0.3018312812495882