0 0.3703125 0.98046875 0.134375 0.03828125
0 0.1421875 0.984375 0.1921875 0.03125
0 0.390625 0.8921875 0.209375 0.10546875
0 0.13828125 0.896875 0.2234375 0.1109375
0 0.3890625 0.76171875 0.22578125 0.1109375
0 0.1609375 0.7671875 0.1875 0.10546875
0 0.38203125 0.6203125 0.21640625 0.10546875
0 0.1421875 0.6390625 0.21171875 0.10078125
0 0.1421875 0.50703125 0.21640625 0.09609375
0 0.3796875 0.4984375 0.2015625 0.0984375
0 0.38359375 0.3765625 0.209375 0.103125
0 0.14921875 0.3796875 0.21640625 0.115625
0 0.38359375 0.2390625 0.209375 0.103125
0 0.146875 0.25390625 0.22109375 0.0984375
0 0.15625 0.13125 0.21171875 0.0984375
0 0.375 0.1 0.2015625 0.0890625
0 0.38515625 0.0140625 0.2234375 0.028125
0 0.146875 0.01796875 0.23046875 0.0359375