0 0.307481207595051 0.9740049212687694 0.13682817396640834 0.04062677434972919
0 0.08810046460871045 0.981893107955519 0.1762009292174209 0.03460464529089187
0 0.3334510271502376 0.8853691152624151 0.21613374460132917 0.10912340421934559
0 0.09804011875692029 0.8944612918028948 0.19608023751384057 0.11483761606989873
0 0.34024934454595596 0.7549276388013653 0.23289044802510173 0.11487852637832408
0 0.11177389112218332 0.764378325488115 0.19425874460132916 0.10874157467404082
0 0.34227981878921954 0.6136441197266419 0.22316499460132916 0.10924613514462216
0 0.10516153358480913 0.636580607955519 0.21032306716961827 0.1044768145277711
0 0.11048878489525596 0.504549357955519 0.22097756979051192 0.09987113514462216
0 0.34774617366186655 0.4918100300350673 0.20787066162790727 0.10195578652459396
0 0.3594625285345136 0.3698668461876915 0.21598355027685523 0.10677965421934558
0 0.12488726943521496 0.3770828770302425 0.22381583667404978 0.11940238514462216
0 0.3682739289036539 0.2323668461876915 0.21598355027685523 0.10677965421934557
0 0.13060394818198534 0.25134253733866807 0.2274019116279072 0.10229670576147312
0 0.14783911782945702 0.128522646104966 0.21802691162790722 0.10213306452777107
0 0.36859170882244346 0.0934543506519184 0.2072698843300113 0.09258078652459387
0 0.3842550840531561 0.011676065341845251 0.22523983189368782 0.023352130683690502
0 0.1457235101790328 0.017692605418127807 0.2327717296419344 0.035385210836255614