0 0.5274310394254957 0.67890625 0.08379483935390812 0.1515625
0 0.4454816054264503 0.6859375 0.07335677868395366 0.12734375
0 0.3759230834261321 0.68359375 0.06420904535327185 0.146875
0 0.3033850120941775 0.69375 0.0734113226845901 0.13203125
0 0.22443330876031387 0.68984375 0.07343859468490824 0.134375
0 0.14629921809354116 0.6890625 0.06655279535327181 0.146875
0 0.07518728675999571 0.6875 0.06903290535486266 0.15859375
0 0.04745953938572486 0.3859375 0.06415450135263548 0.1421875
0 0.1917544320496341 0.365625 0.06875109468490823 0.134375
0 0.1908470073997242 0.4890625 0.135129525342136 0.06484375
0 0.3735867820655424 0.4828125 0.13978975334181776 0.0625
0 0.26767204205122497 0.37734375 0.06635280068427196 0.1296875
0 0.33950158871736125 0.3734375 0.052372116685226365 0.13671875
0 0.41291181671704313 0.37109375 0.06420904535327185 0.146875
0 0.4839419320496341 0.365625 0.06640734468490823 0.134375
0 0.5628572727164067 0.36640625 0.0664982513526354 0.1421875
0 0.6379754513844522 0.3765625 0.06627098468331738 0.12265625
0 0.7112311380489977 0.3609375 0.06880563868554468 0.1390625
0 0.9194436273869975 0.3953125 0.07598233935390794 0.1515625
0 0.9788573460176583 0.3296875 0.04228530796468348 0.1390625
0 0.913719244032453 0.2390625 0.07815336668522618 0.13671875
0 0.7291618833545446 0.15625 0.14291475334181775 0.0625
0 0.7993011133434086 0.07421875 0.15960281401177207 0.08671875
0 0.9064499946689999 0.0171875 0.05351589867122719 0.03359375