0 0.51953125 0.67890625 0.08203125 0.1515625
0 0.4375 0.6859375 0.071875 0.12734375
0 0.36796875 0.68359375 0.0625 0.146875
0 0.2953125 0.69375 0.071875 0.13203125
0 0.21640625 0.68984375 0.071875 0.134375
0 0.13828125 0.6890625 0.06484375 0.146875
0 0.0671875 0.6875 0.0671875 0.15859375
0 0.04296875 0.3859375 0.0625 0.1421875
0 0.1875 0.365625 0.0671875 0.134375
0 0.18515625 0.4890625 0.134375 0.06484375
0 0.36796875 0.4828125 0.1390625 0.0625
0 0.26328125 0.37734375 0.06484375 0.1296875
0 0.33515625 0.3734375 0.05078125 0.13671875
0 0.40859375 0.37109375 0.0625 0.146875
0 0.4796875 0.365625 0.06484375 0.134375
0 0.55859375 0.36640625 0.06484375 0.1421875
0 0.63359375 0.3765625 0.06484375 0.12265625
0 0.70703125 0.3609375 0.0671875 0.1390625
0 0.91484375 0.3953125 0.07421875 0.1515625
0 0.97734375 0.3296875 0.0453125 0.1390625
0 0.9109375 0.2390625 0.0765625 0.13671875
0 0.72734375 0.15625 0.1421875 0.0625
0 0.7984375 0.07421875 0.15859375 0.08671875
0 0.90625 0.0171875 0.053125 0.03359375