0 0.0585212382710575 0.45703125 0.040968843447167114 0.10546875
0 0.09607586859288836 0.4578125 0.03213479282674847 0.0796875
0 0.45863730866619024 0.0453125 0.07220813576971245 0.03828125
0 0.5359428538387274 0.03359375 0.05280792574646931 0.0625
0 0.6498796677006977 0.04296875 0.038619739608439826 0.071875
0 0.6995301064366174 0.015625 0.05296646287323483 0.03125
0 0.9698808112640804 0.02734375 0.03663662252816095 0.0546875
0 0.9519930968013618 0.3078125 0.050016061516181765 0.10078125
0 0.7087519231485794 0.08046875 0.07908084864294729 0.06953125
0 0.7135593914696956 0.14921875 0.08438570767745475 0.0671875
0 0.7269770352851799 0.20703125 0.07826139381548422 0.0578125
0 0.7277854184570024 0.26328125 0.07608153478097676 0.06015625
0 0.6662359132612222 0.29921875 0.04783620248167466 0.103125
0 0.7329370942034718 0.32578125 0.06403500284999168 0.05546875
0 0.46949268119435106 0.1 0.07705952673520518 0.040625
0 0.5424820669640635 0.13828125 0.07738730866619044 0.0453125
0 0.5578117720436281 0.2234375 0.037641747654211424 0.09140625
0 0.10888795298587758 0.25 0.04031327958519669 0.09609375
0 0.1512011391239072 0.240625 0.039329933792241076 0.08203125
0 0.18902892105489238 0.2453125 0.037313965723226296 0.08671875
0 0.2254034636295393 0.2515625 0.03747785668871888 0.0890625
0 0.261067812020385 0.24765625 0.04232924765421151 0.09140625
0 0.30252869234221585 0.2484375 0.03715007475773371 0.084375
0 0.34153656202038496 0.24765625 0.04434521572322634 0.08671875
0 0.3826150300893998 0.24296875 0.039985497654211596 0.09140625
0 0.41659119234221587 0.2484375 0.03982160668871888 0.0890625
0 0.45638031202038504 0.24765625 0.037313965723226164 0.08671875
0 0.13452100955838095 0.46015625 0.03747785668871888 0.0890625
0 0.1750913792365501 0.459375 0.03764174765421151 0.09140625
0 0.21560711859288836 0.4578125 0.03715007475773371 0.084375
0 0.2567948473055649 0.4546875 0.037969529585196685 0.09609375
0 0.29903697762739573 0.45546875 0.03949382475773362 0.084375
0 0.3360288792365501 0.459375 0.03764174765421151 0.09140625
0 0.37995919569641057 0.45078125 0.04014938861970414 0.09375
0 0.5849469804773874 0.5109375 0.04249313861970414 0.09375
0 0.5952667574646939 0.625 0.0470167476542116 0.09140625
0 0.16146482987663918 0.80078125 0.0698643857697125 0.03828125
0 0.14152902431254202 0.884375 0.07956716770069772 0.04296875
0 0.3169496413928211 0.9015625 0.08269216770069772 0.04296875
0 0.42669634596818257 0.83984375 0.07504355866619039 0.0453125
0 0.5688563488181743 0.8953125 0.077059526735205 0.040625
0 0.7167857504273285 0.89921875 0.09980861188449897 0.053125
0 0.6880326837153665 0.834375 0.07956716770069772 0.04296875
0 0.8477629627963601 0.78359375 0.07019216770069789 0.04296875
0 0.9111806066118444 0.84140625 0.07689563576971245 0.03828125
0 0.9354264897836668 0.89765625 0.08519980866619044 0.0453125
0 0.9926345222957297 0.61796875 0.014730955408540681 0.0484375
0 0.7393781183407868 0.384375 0.07357389381548422 0.0578125
0 0.7458737727999327 0.44375 0.08389403478097676 0.06015625
0 0.7539865575809095 0.50390625 0.07139403478097676 0.06015625
0 0.7713815072125925 0.5515625 0.07237738057393237 0.07421875
0 0.7896669674879371 0.60078125 0.07155792574646931 0.0625