0 0.04784907257846329 0.4574949001621558 0.03850603597964537 0.10605513108743239
0 0.08538545988201622 0.4589307150969639 0.030274004962398716 0.08015115016215582
0 0.45757921360606985 0.0532627366040241 0.07131422787409356 0.039494922483290125
0 0.5351584040527759 0.042907663551541096 0.05134848428423418 0.06334547970746054
0 0.6488763016954111 0.05425999512544075 0.036941381926869354 0.0724613810874323
0 0.6991652460710587 0.027816271910801972 0.052236742142117265 0.03213639001588604
0 0.9692423056243525 0.044239707379735614 0.035359611248705035 0.055260244317957154
0 0.9448053475998538 0.32405389244492744 0.047662712158327736 0.1015312723211343
0 0.7068728922659517 0.09274184252765298 0.07745722001621065 0.07082674310014117
0 0.7100749749786093 0.16149184252765297 0.08281680810555195 0.06857845048646735
0 0.7221426354415261 0.21946798376135504 0.07691141046291676 0.059107993100141164
0 0.7216375212973369 0.2756634366834544 0.07467682237357547 0.06141083279171564
0 0.6592488372607717 0.3104827215864904 0.04542812406898662 0.10383411201270878
0 0.7253297555815713 0.3381770734529295 0.06273974855225788 0.05651878124958811
0 0.4671575748547749 0.10807296752930062 0.07611088978475226 0.041920493100141155
0 0.5392530527288684 0.14758152678206593 0.07632921360606985 0.04660799310014117
0 0.5525942688161376 0.23290141801576797 0.035507314515692556 0.09195172077900678
0 0.10305018713693719 0.2515955020285949 0.038069388337010235 0.0966801310874323
0 0.14558228949430202 0.24297052434972924 0.03741441687305751 0.0826176310874323
0 0.18330061331561961 0.2483125892845374 0.0352889906943751 0.08726422077900686
0 0.21952921174404305 0.2551898806803952 0.03539815260503385 0.08960797077900677
0 0.2552847752262784 0.25191092207625304 0.040194814515692644 0.09203354139585782
0 0.2967274125298313 0.25341492085843703 0.03517982878371626 0.08492047077900677
0 0.3357535252262784 0.25331550933219554 0.04232024069437505 0.08738695170428334
0 0.3769414514049608 0.24935075811437954 0.037851064515692735 0.0919926310874323
0 0.4107899125298314 0.25540588920181184 0.03774190260503385 0.08964888108743238
0 0.45059727522627835 0.25532011444504554 0.03528899069437515 0.08726422077900686
0 0.12377587179267499 0.4619426668012473 0.03539815260503385 0.08960797077900687
0 0.16436448448912205 0.46187052881395607 0.035507314515692646 0.09195172077900686
0 0.20491670988201624 0.461017140826665 0.03517982878371628 0.08492047077900686
0 0.24617741066780452 0.458614889608849 0.035725638337010236 0.09663922077900686
0 0.28840129797135744 0.46013252516050807 0.03752357878371626 0.08496138108743238
0 0.32530198448912206 0.4646797033258411 0.035507314515692646 0.09195172077900686
0 0.36943297415003984 0.4568632491859258 0.03796022642635144 0.09433638108743239
0 0.5730160465236154 0.5205241489410446 0.04030397642635144 0.0943772913958579
0 0.580672342842343 0.6346275592494701 0.04488231451569256 0.09211536201270895
0 0.14276573614175192 0.8026222138791479 0.06897047787409352 0.03945401217486468
0 0.1208779276219153 0.8857659504864674 0.07856380169541106 0.04430515340856687
0 0.2958971983000797 0.9059944500794301 0.08168880169541107 0.04435970048646709
0 0.4070851013193984 0.8462666684228051 0.07398546360606986 0.04656708279171582
0 0.5479498498716563 0.9041491266199102 0.07611088978475226 0.04192049310014099
0 0.6957880363894209 0.9106327260507172 0.09856808664159918 0.054802322645446114
0 0.6685491401945278 0.8453662361969869 0.07856380169541097 0.04430515340856687
0 0.8294652154635875 0.7974350710172975 0.06918880169541097 0.044141512174864596
0 0.8915328759265042 0.8562839654974106 0.07600172787409357 0.03957674310014099
0 0.9144652617823151 0.9128885215037649 0.08414171360606985 0.04674436079489297
0 0.985702175350113 0.6349328912271115 0.028595649299774095 0.04941934740221221
0 0.7304025533480409 0.396811733761355 0.07222391046291676 0.05902617248329012
0 0.7355117384180636 0.4562276440697806 0.08248932237357565 0.061547200486467446
0 0.742219810791639 0.5164520779171564 0.06998932237357547 0.0613290121748646
0 0.7585019363083677 0.5643537897677094 0.07064429383752824 0.07539151217486459
0 0.7756380864322022 0.6138316383877377 0.07009848428423418 0.06367276217486459