0 0.0609375 0.02265625 0.121875 0.0453125
0 0.2828125 0.0796875 0.06484375 0.125
0 0.1515625 0.12109375 0.0625 0.13203125
0 0.21875 0.12265625 0.053125 0.115625
0 0.34765625 0.1203125 0.06015625 0.125
0 0.415625 0.13125 0.053125 0.12265625
0 0.4890625 0.11796875 0.06015625 0.125
0 0.63125 0.1109375 0.06953125 0.134375
0 0.70546875 0.103125 0.06015625 0.09609375
0 0.7703125 0.11796875 0.06015625 0.1296875
0 0.96953125 0.1375 0.0609375 0.121875
0 0.80859375 0.296875 0.13203125 0.05078125
0 0.94921875 0.27421875 0.09609375 0.09140625
0 0.8234375 0.36875 0.1421875 0.05078125
0 0.9375 0.428125 0.125 0.0671875
0 0.96953125 0.5484375 0.0609375 0.128125
0 0.15234375 0.578125 0.06015625 0.1421875
0 0.22578125 0.56875 0.0578125 0.1078125
0 0.29296875 0.5734375 0.0578125 0.11796875
0 0.359375 0.58046875 0.06015625 0.13203125
0 0.42578125 0.58203125 0.0625 0.1296875
0 0.49765625 0.578125 0.0625 0.12265625
0 0.56953125 0.578125 0.0578125 0.12734375
0 0.63671875 0.571875 0.0625 0.1296875
0 0.7078125 0.5796875 0.06015625 0.125
0 0.77421875 0.58046875 0.0625 0.12734375
0 0.6140625 0.8640625 0.06015625 0.13203125
0 0.53828125 0.87890625 0.0578125 0.12734375
0 0.46484375 0.8734375 0.06484375 0.12265625
0 0.39296875 0.86640625 0.06484375 0.1421875
0 0.31953125 0.87109375 0.0625 0.12265625
0 0.2453125 0.8734375 0.0671875 0.13671875
0 0.1703125 0.8734375 0.0625 0.13203125
0 0.103125 0.87109375 0.053125 0.1078125
0 0.0359375 0.8734375 0.0578125 0.13671875
0 0.9796875 0.94609375 0.040625 0.1078125