0 0.16343960773404834 0.08338701866768637 0.17042812406898658 0.10601599512873602
0 0.32978589164677913 0.17151608441327343 0.18450774069437514 0.08986884374876425
0 0.3367914088102869 0.28970302272487614 0.17934720574818694 0.0796307731319132
0 0.15319550475751095 0.32011940543716155 0.1174144400324213 0.14099892126547414
0 0.11744413358400849 0.533731892044481 0.09588835049533802 0.198388681411744
0 0.3754728033525501 0.5671655495102373 0.09120085049533797 0.1983068607948928
0 0.46447964537083275 0.5867025279998819 0.08171453453190339 0.162232993100141
0 0.5623542191921503 0.5837196241842781 0.10115804735218496 0.21097050202859488
0 0.7549419795312324 0.57848051947517 0.10057585049533806 0.1984705020285949
0 0.8634822256022912 0.5647373936627434 0.10046668858467918 0.1961267520285949
0 0.9473478033525502 0.5771476647660618 0.06251292431665548 0.20248980032431163