0 0.4489648334348472 0.17636094945770703 0.1179348789313405 0.19514484923787417
0 0.17461447794389137 0.24907732855341883 0.18836969000553733 0.08778232201231528
0 0.18094242596899318 0.36001937373295856 0.18537509793281676 0.07761243647369583
0 0.18830194786821827 0.4748631237329587 0.19006259793281677 0.07763970755093474
0 0.6352992589424151 0.3644098744203297 0.2102446900055373 0.08790958703942983
0 0.6399645774178676 0.47379850995894907 0.16634449568106327 0.08531130698520073
0 0.6537545720191968 0.5792263533430908 0.2294452729789594 0.09504992134838516
0 0.18899116517165154 0.5709886899897373 0.18537509793281673 0.07761243647369583
0 0.1964786998708031 0.7975920966055956 0.18133844000553728 0.0877414153964569
0 0.5213494895072002 0.7449018711988759 0.12480544262643108 0.21705166549465282
0 0.9194925886766345 0.918251450145078 0.16101482264673095 0.09501355991206673