0 0.165625 0.10546875 0.20703125 0.08203125
0 0.1625 0.21484375 0.21875 0.103125
0 0.1578125 0.3234375 0.2234375 0.0984375
0 0.15 0.43359375 0.165625 0.084375
0 0.15234375 0.55390625 0.18515625 0.0984375
0 0.14921875 0.66015625 0.1921875 0.084375
0 0.1578125 0.7828125 0.2140625 0.0890625
0 0.19921875 0.97578125 0.21640625 0.0484375
0 0.63125 0.93984375 0.2234375 0.10078125
0 0.6296875 0.821875 0.21640625 0.1109375
0 0.62734375 0.70703125 0.21640625 0.09140625
0 0.63203125 0.60703125 0.20703125 0.0796875
0 0.62109375 0.50625 0.228125 0.084375
0 0.62265625 0.396875 0.21171875 0.08671875
0 0.6234375 0.27734375 0.21875 0.09375
0 0.61328125 0.17421875 0.21640625 0.0890625
0 0.61328125 0.05625 0.23046875 0.0984375