0 0.17176785516284981 0.10450517193756052 0.2118090262377721 0.08323572257804934
0 0.17501322347987924 0.21389835265571974 0.22475634727034205 0.10439765027114652
0 0.17665058916607274 0.32251937373295864 0.22917083148532652 0.09973742134838534
0 0.17525396011393812 0.4327210755283567 0.17053928413027983 0.08533857806243947
0 0.18460511526267048 0.5530199399897373 0.19088958148532648 0.09951470755093475
0 0.18766847305635623 0.6592881207078964 0.19710178413027984 0.08549311416679295
0 0.20340613609759642 0.7818943737329587 0.21924979991529536 0.09030787919390768
0 0.2560515359140697 0.9746222292173489 0.2192274131118273 0.04969651473252697
0 0.6859896648956172 0.9361712449318343 0.2293073393778343 0.10208117134838517
0 0.6775562676393927 0.818211585290914 0.22286762357870132 0.11219651473252697
0 0.6685236309065117 0.7033814708295335 0.22173005780780314 0.09266526473252715
0 0.6673867941595134 0.6033541997522945 0.2116725183452644 0.08089197257804948
0 0.6505794547816791 0.502636582265852 0.2330392841302798 0.08570219242562409
0 0.6457715864646497 0.3932524919067723 0.2167695420227876 0.08795049365528822
0 0.6395909339467531 0.27371669672723253 0.22421031570031094 0.09502265027114642
0 0.6234283366764112 0.17065078406125003 0.22159354991529553 0.09032151473252706
0 0.6165574394201865 0.052682034061250035 0.23620208148532634 0.09977832796424362