0 0.48879641793053974 0.49423335167376115 0.09700278590796181 0.15680905708339649
0 0.5933344478865732 0.6034316105525557 0.07504597267624522 0.14261929205628193
0 0.959711864166793 0.46417068529534544 0.0805762716664141 0.14891928903121981
0 0.9513278078396621 0.27506273349994736 0.09734438432067591 0.16385394262201594
0 0.9161022438516799 0.08735820042065598 0.09696187929210325 0.14977780708339647
0 0.5693328247427898 0.37204980034590124 0.0773306353422278 0.13247667759490128
0 0.4736678842620732 0.8480396077238852 0.14549482806243946 0.16646585821486468
0 0.2652008784083407 0.7343305899662962 0.07514142144658117 0.15902554205628192
0 0.09610998994285505 0.6747550811856975 0.17066247882456528 0.06114709913967822
0 0.0956691075274936 0.5989738311856975 0.16601588544042356 0.06815107806243965
0 0.25715605337096337 0.5600709333504378 0.08056926483072288 0.1520261083130606
0 0.08580322813719424 0.5145442890312197 0.1660431565176624 0.07283857806243947
0 0.08095105991206687 0.2176511083130605 0.07272949375348407 0.14729315651766237
0 0.015321514732527053 0.2164880632317166 0.028915861239926743 0.13610112646343314
0 0.2513226472460844 0.22879820745273882 0.07272949375348406 0.14729315651766245
0 0.23932157523376912 0.04592207493918151 0.07473690046753827 0.08949429205628183
0 0.5705084636010589 0.17128218588452065 0.092215291958086 0.13959428600615764
0 0.5556005602066545 0.0258878726528041 0.09166987041330898 0.04584428600615764
0 0.6022105198988885 0.7862895623479538 0.08999880698520055 0.1614556504675381