0 0.4859375 0.49140625 0.09609375 0.15625
0 0.58984375 0.6 0.07421875 0.1421875
0 0.95859375 0.45859375 0.0828125 0.1484375
0 0.95078125 0.26953125 0.0984375 0.16328125
0 0.915625 0.08203125 0.09609375 0.14921875
0 0.5671875 0.36875 0.0765625 0.13203125
0 0.46875 0.8453125 0.14453125 0.165625
0 0.2609375 0.7328125 0.07421875 0.15859375
0 0.0921875 0.67421875 0.1703125 0.06015625
0 0.0921875 0.5984375 0.165625 0.0671875
0 0.25390625 0.55859375 0.0796875 0.1515625
0 0.0828125 0.5140625 0.165625 0.071875
0 0.0796875 0.2171875 0.071875 0.146875
0 0.0140625 0.21640625 0.028125 0.1359375
0 0.25 0.22734375 0.071875 0.146875
0 0.2390625 0.04453125 0.07421875 0.0890625
0 0.56953125 0.16796875 0.09140625 0.1390625
0 0.55546875 0.02265625 0.09140625 0.0453125
0 0.59765625 0.7828125 0.0890625 0.1609375