0 0.57040310549318 0.8720997276821609 0.17185838986866314 0.07715065543716157
0 0.11246113070795072 0.9074618981335609 0.133986575644312 0.08429495373287814
0 0.35059413726667144 0.6468208583625561 0.08763055404758599 0.15295345048646744
0 0.07645727442180114 0.6531698644483408 0.09371013568479172 0.17959777110331832
0 0.0690863511977669 0.3334749732146388 0.08775338478028057 0.15529720048646736
0 0.16217793193046154 0.3341959476470936 0.08462838478028054 0.1552426534085667
0 0.25662729477533175 0.330983398540598 0.08216180404758591 0.15285799310014117
0 0.5193320126631562 0.3303076939969409 0.09219522331489145 0.15069152110331832
0 0.6936769154221182 0.3147530576345028 0.08824470771105908 0.16467220048646736
0 0.04179243159177726 0.11109145860414218 0.07981805404758593 0.15281708279171563
0 0.13899830223856363 0.10079311241974594 0.08179331184950205 0.14582674310014115
0 0.23468261646291486 0.09130328977430002 0.08787621551297517 0.15764095048646737
0 0.3196750921526553 0.08669188190150649 0.08006371551297517 0.15750458279171564
0 0.40565021370395293 0.10083047402871297 0.081793311849502 0.14582674310014115
0 0.5016211329712583 0.09680940138326706 0.09268654624566981 0.16006652110331837
0 0.6014983022385636 0.09272014489044529 0.08018654624566982 0.15984833279171565
0 0.7026071008590826 0.09721100162814836 0.09466180404758581 0.15307618141174387
0 0.7929864393936934 0.09094163636902866 0.082161804047586 0.15285799310014117
0 0.8874358022385636 0.08772908726253308 0.09552161917644852 0.16948243141174388
0 0.9656634520578644 0.08628358969816506 0.06867309588427126 0.15980742248329013