0 0.5549926781146027 0.88125 0.17056052586071574 0.07421875
0 0.09657254290539266 0.90859375 0.13255209437236995 0.08203125
0 0.33918659572313226 0.65234375 0.08498017912609299 0.1515625
0 0.06502240942546317 0.65390625 0.09059526206571758 0.178125
0 0.06323913229880315 0.334375 0.0850620246795893 0.15390625
0 0.15628972785229944 0.33671875 0.08193702467958933 0.15390625
0 0.2507664141499686 0.33515625 0.07951142912609299 0.1515625
0 0.5134028234057958 0.3390625 0.08958583357259683 0.14921875
0 0.6879663137871489 0.3265625 0.08538940689357447 0.16328125
0 0.0398388047166562 0.11171875 0.07716767912609301 0.1515625
0 0.1371949543538365 0.103125 0.07926589246560418 0.14453125
0 0.2330158858421822 0.0953125 0.08514387023308556 0.15625
0 0.3180630084375205 0.0921875 0.07733137023308556 0.15625
0 0.403764895460829 0.1078125 0.07926589246560418 0.14453125
0 0.49977679990733276 0.10546875 0.0899132157865818 0.15859375
0 0.5996949543538366 0.103125 0.07741321578658181 0.15859375
0 0.70069445916316 0.109375 0.09201142912609299 0.1515625
0 0.7911557680561673 0.1046875 0.07951142912609299 0.1515625
0 0.8856324543538363 0.103125 0.09258434800056677 0.16796875
0 0.9654551107302728 0.103125 0.06908977853945437 0.15859375