0 0.52421875 0.88125 0.16796875 0.07421875
0 0.06484375 0.90859375 0.1296875 0.08203125
0 0.31640625 0.65234375 0.0796875 0.1515625
0 0.0421875 0.65390625 0.084375 0.178125
0 0.0515625 0.334375 0.0796875 0.15390625
0 0.14453125 0.33671875 0.0765625 0.15390625
0 0.2390625 0.33515625 0.07421875 0.1515625
0 0.5015625 0.3390625 0.084375 0.14921875
0 0.6765625 0.3265625 0.0796875 0.16328125
0 0.0359375 0.11171875 0.071875 0.1515625
0 0.13359375 0.103125 0.07421875 0.14453125
0 0.2296875 0.0953125 0.0796875 0.15625
0 0.31484375 0.0921875 0.071875 0.15625
0 0.4 0.1078125 0.07421875 0.14453125
0 0.49609375 0.10546875 0.084375 0.15859375
0 0.59609375 0.103125 0.071875 0.15859375
0 0.696875 0.109375 0.08671875 0.1515625
0 0.7875 0.1046875 0.07421875 0.1515625
0 0.88203125 0.103125 0.08671875 0.16796875
0 0.96484375 0.103125 0.06953125 0.15859375