0 0.83671875 0.75703125 0.08671875 0.16328125
0 0.86640625 0.9421875 0.084375 0.115625
0 0.459375 0.78359375 0.14921875 0.10078125
0 0.2859375 0.84140625 0.14921875 0.08203125
0 0.27265625 0.7515625 0.1609375 0.07421875
0 0.2703125 0.671875 0.11328125 0.07421875
0 0.71015625 0.5609375 0.084375 0.146875
0 0.46015625 0.6703125 0.1421875 0.0765625
0 0.4515625 0.5734375 0.15859375 0.0796875
0 0.4328125 0.46171875 0.15390625 0.08203125
0 0.2484375 0.446875 0.1421875 0.071875
0 0.23828125 0.353125 0.14921875 0.071875
0 0.23671875 0.2640625 0.1421875 0.071875
0 0.2234375 0.14453125 0.10078125 0.0671875
0 0.2203125 0.0765625 0.11796875 0.0046875
0 0.46484375 0.13671875 0.0796875 0.15390625
0 0.69375 0.3734375 0.084375 0.1609375
0 0.6671875 0.03515625 0.06953125 0.06953125
0 0.453125 0.0203125 0.06953125 0.040625
0 0.77265625 0.07109375 0.084375 0.1421875
0 0.97421875 0.1046875 0.0515625 0.16875
0 0.98203125 0.3296875 0.03125 0.15390625
0 0.9890625 0.515625 0.021875 0.13203125
0 0.80390625 0.4421875 0.0890625 0.16328125
0 0.80078125 0.259375 0.08671875 0.15859375