0 0.3534380002117615 0.2269197727164068 0.08796897881213823 0.14311474801081767
0 0.5223245081042693 0.22653960673931484 0.07781272881213823 0.14299656934277233
0 0.7468995738751674 0.2096082874363135 0.07749421039628679 0.1375278193427723
0 0.6381146500282349 0.03713275608685964 0.13627069994353036 0.0609204133513628
0 0.036818007305385966 0.21689714600572702 0.07363601461077193 0.14545849801081773
0 0.02294686340829343 0.5942499866724997 0.04589372681658686 0.1351567973424542
0 0.16292233212061102 0.5718130073599533 0.08263673670464602 0.14539486334340862
0 0.3228132716113848 0.5916544347151341 0.08796897881213823 0.14311474801081764
0 0.3983215058263692 0.5972237293920882 0.07515046039628678 0.1375005473424542
0 0.4836520610739236 0.5817992714035423 0.08397942882625564 0.12823463534372675
0 0.569362047919744 0.5867054947485417 0.08466196828879458 0.13995338534372675
0 0.7420105926439546 0.5754241914385406 0.07749421039628679 0.13752781934277233
0 0.739949021752559 0.7450463481062679 0.08290975248966159 0.15008236334340844
0 0.48467071657559185 0.8327623347389966 0.087513952503779 0.13530224801081764
0 0.39799746920642776 0.8309720207272246 0.07781272881213833 0.14299656934277244
0 0.30686423499144333 0.8252209127148159 0.08163567882625564 0.1282073633434088
0 0.2289744534214122 0.8336959367043164 0.0876504603962868 0.13764599801081764
0 0.1457447244680996 0.8264732353596351 0.08177218671876348 0.1305511133434087
0 0.015655066816836524 0.8457579426718634 0.03131013363367305 0.13760963534372683