0 0.81015625 0.74375 0.09140625 0.13203125
0 0.8109375 0.603125 0.084375 0.1296875
0 0.80546875 0.4578125 0.0765625 0.1421875
0 0.80078125 0.2703125 0.0765625 0.146875
0 0.7953125 0.0765625 0.0765625 0.1203125
0 0.49296875 0.078125 0.071875 0.1421875
0 0.5 0.25390625 0.0671875 0.13671875
0 0.50703125 0.55390625 0.071875 0.15625
0 0.52265625 0.7171875 0.07421875 0.12265625
0 0.3578125 0.6734375 0.14453125 0.0671875
0 0.36875 0.5953125 0.1515625 0.06953125
0 0.36328125 0.51953125 0.1296875 0.0625
0 0.14921875 0.83046875 0.08203125 0.165625
0 0.06484375 0.7984375 0.0671875 0.115625
0 0.01328125 0.678125 0.0265625 0.0578125
0 0.11875 0.4125 0.06953125 0.146875
0 0.04296875 0.396875 0.071875 0.15390625
0 0.19375 0.3921875 0.06484375 0.1390625
0 0.27421875 0.4203125 0.0671875 0.1203125
0 0.35 0.2359375 0.0796875 0.15390625
0 0.2703125 0.2296875 0.07421875 0.146875
0 0.1875 0.2296875 0.0765625 0.1515625
0 0.1140625 0.2390625 0.07421875 0.15625
0 0.03828125 0.22265625 0.0765625 0.15625