0 0.11640625 0.25625 0.11328125 0.06015625
0 0.4390625 0.2234375 0.13203125 0.053125
0 0.00625 0.26796875 0.01171875 0.05546875
0 0.67890625 0.36875 0.13671875 0.06015625
0 0.90859375 0.37109375 0.1390625 0.06015625
0 0.0421875 0.625 0.06953125 0.1390625
0 0.11171875 0.63359375 0.05546875 0.0984375
0 0.18125 0.625 0.06953125 0.1390625
0 0.2546875 0.625 0.0671875 0.1296875
0 0.3265625 0.61328125 0.0578125 0.125
0 0.4015625 0.61875 0.0765625 0.13671875
0 0.46875 0.609375 0.0578125 0.11796875
0 0.5515625 0.6234375 0.07421875 0.1421875
0 0.6359375 0.61328125 0.06953125 0.134375
0 0.71171875 0.62265625 0.0671875 0.1296875
0 0.76328125 0.48203125 0.15625 0.06015625
0 0.921875 0.61328125 0.06953125 0.125
0 0.98203125 0.62109375 0.0359375 0.12265625
0 0.0421875 0.81953125 0.06015625 0.125
0 0.115625 0.81640625 0.0625 0.12265625
0 0.19140625 0.81015625 0.06484375 0.1109375
0 0.26796875 0.81484375 0.06484375 0.1296875
0 0.3421875 0.8125 0.06015625 0.1203125
0 0.415625 0.8078125 0.0625 0.1203125
0 0.490625 0.803125 0.0578125 0.10546875
0 0.5625 0.80390625 0.0625 0.12265625
0 0.634375 0.8109375 0.0625 0.12265625
0 0.70703125 0.8140625 0.0625 0.12265625
0 0.87265625 0.80390625 0.0578125 0.11796875
0 0.271875 0.93515625 0.134375 0.0625