0 0.12535469718226036 0.2555727682485685 0.11538195253973793 0.06081530103327228
0 0.44686510943331237 0.2208831090986274 0.13388641587924913 0.053893135342227706
0 0.015607674949741773 0.2679323885636815 0.013655761432745384 0.05553692769309713
0 0.6917832837500819 0.3648002389799061 0.13881945253973793 0.06095165641946654
0 0.9215526293035783 0.36580770619520225 0.1411632025397381 0.060965291958086
0 0.06401298093234234 0.6247545603048503 0.07438741950744618 0.139467020979043
0 0.13384433129516204 0.6329437893258073 0.058906263246843914 0.09876020774732641
0 0.20307548093234234 0.6239455183467644 0.07438741950744614 0.139467020979043
0 0.27651298093234233 0.6235182714700223 0.071716287293461 0.13007838544042372
0 0.34797875316486093 0.6113813649523598 0.06217759618646843 0.12533634328594587
0 0.4231697261230189 0.6164137777165383 0.08133682395394981 0.1371641775949012
0 0.49002984390903387 0.6066478922761147 0.06193205952597971 0.11830509328594588
0 0.5733334172300115 0.6202286032448949 0.07918404691210786 0.14261929205628193
0 0.657353753164861 0.6095814738545956 0.07422372840045348 0.134779520979043
0 0.7334623853788461 0.6185155914392342 0.07171628729346118 0.13007838544042355
0 0.780114152169069 0.4775906095896067 0.1583507025397381 0.06106528590796181
0 0.943291253164861 0.6079179381430255 0.07389634618646852 0.125404520979043
0 0.9918049731800146 0.6153804593184603 0.01639005363997086 0.12286532825883115
0 0.07080616187253388 0.8192858103048504 0.06452134618646847 0.12534997882456542
0 0.14413453446787217 0.8157335634281082 0.06678325063297219 0.1230198643631848
0 0.21969752965854875 0.8090426810127468 0.06871777286549081 0.11131474990180408
0 0.2964237207655413 0.8132847534178456 0.069372537293461 0.13006474990180408
0 0.370560625212045 0.8105092113615637 0.06435765507947586 0.12066247882456542
0 0.44383443410505247 0.8053944644848217 0.06670140507947586 0.12067611436318479
0 0.5186707429980599 0.800270627249 0.06149554990733286 0.10580509328594587
0 0.5905730248492254 0.8006337207313375 0.06678325063297219 0.1230198643631848
0 0.6626935615097141 0.8072468142136753 0.06678325063297219 0.12301986436318453
0 0.7354589389143759 0.8099491125164728 0.06678325063297219 0.12301986436318453
0 0.9007292748492255 0.7988292844540335 0.061932059525979355 0.11830509328594588
0 0.3045313758450172 0.9335745275201465 0.13655754809323425 0.06328177088084744