0 0.8578125 0.5421875 0.115625 0.2328125
0 0.8484375 0.01953125 0.09140625 0.03828125
0 0.55859375 0.0484375 0.18046875 0.09140625
0 0.57109375 0.15 0.19453125 0.0890625
0 0.58515625 0.2453125 0.17578125 0.0765625
0 0.55625 0.34375 0.19453125 0.10078125
0 0.5515625 0.4515625 0.2046875 0.08203125
0 0.55078125 0.55625 0.1734375 0.0796875
0 0.5515625 0.671875 0.19921875 0.0890625
0 0.5453125 0.77421875 0.20703125 0.08203125
0 0.56015625 0.86875 0.21171875 0.084375
0 0.57109375 0.96484375 0.2140625 0.06953125
0 0.3390625 0.9671875 0.21171875 0.06484375
0 0.32578125 0.8734375 0.19921875 0.084375
0 0.321875 0.7796875 0.196875 0.084375
0 0.3328125 0.66484375 0.2046875 0.09375
0 0.35 0.5640625 0.18984375 0.0890625
0 0.34609375 0.45703125 0.1734375 0.08671875
0 0.35078125 0.3578125 0.1921875 0.0765625
0 0.35234375 0.25 0.2046875 0.09609375
0 0.34140625 0.15390625 0.196875 0.08203125
0 0.34375 0.05859375 0.21171875 0.084375