0 0.4418375415062159 0.68984375 0.11005106648875014 0.196875
0 0.34427221048416723 0.69375 0.07752820079743064 0.1421875
0 0.24663414427975755 0.69453125 0.10045786094166684 0.1875
0 0.15455574705329916 0.69921875 0.10258340539458351 0.178125
0 0.05475576880479226 0.7078125 0.07149705955489598 0.18515625
0 0.038994337290312694 0.23203125 0.07138795678135432 0.18046875
0 0.12687619699770852 0.2484375 0.10285616232843768 0.18984375
0 0.22565853590354185 0.2296875 0.07863741232843768 0.18984375
0 0.3196267414506252 0.2390625 0.08410616232843768 0.18984375
0 0.4166653956109377 0.24609375 0.08634080955489605 0.18515625
0 0.5139034183123613 0.228125 0.08281511284152784 0.134375
0 0.711842223401945 0.74375 0.08566800911805572 0.15625
0 0.705922144564098 0.8921875 0.16139405452090294 0.1203125
0 0.9653360454254777 0.75 0.06932790914904459 0.20703125
0 0.9565391709246704 0.40625 0.08692165815065919 0.1921875
0 0.7962405267854862 0.0734375 0.09248105357097228 0.146875
0 0.7175005437873265 0.21484375 0.08388795678135423 0.18046875
0 0.7063597559839236 0.03828125 0.0814695119678472 0.0765625
0 0.8391956654625696 0.3078125 0.14019381458888916 0.25