0 0.4137399825534249 0.6923208728491959 0.10890521590774287 0.19748859923787415
0 0.31601554870604903 0.6956589754067197 0.07670064204448099 0.14261929205628193
0 0.21834566193657387 0.6958720779642437 0.09936657467404082 0.18805905708339649
0 0.12607634131972284 0.7000232467785461 0.10154668344033876 0.17869769262201593
0 0.03056802201915182 0.7080352137974506 0.06113604403830364 0.18554713544042373
0 0.03235621317012832 0.23222669272021176 0.06471242634025665 0.18085963544042355
0 0.11675725730689594 0.24914200282867038 0.1017512349824663 0.19041644262201593
0 0.21630328977430002 0.2309692406302261 0.07753248498246634 0.19027554205628183
0 0.30988964854059803 0.24088966217500313 0.08300123498246634 0.1903073583130605
0 0.4066419176153214 0.24848451443793945 0.08526316436561529 0.18563349385167988
0 0.5046118133132504 0.23108391188041555 0.08203302434972919 0.13483860831306052
0 0.6815490454596381 0.74779066461089 0.08475860389503395 0.15672724385167988
0 0.6695830592593559 0.8961736224564124 0.16069381249917605 0.1212351714465811
0 0.9447212013038367 0.7555723901158057 0.08798874391091971 0.20752212939029918
0 0.9444713798729115 0.41178602867948727 0.09476089529089152 0.19271928600615768
0 0.7932493936693341 0.07805994759198562 0.09162621266133186 0.1473931504675382
0 0.7087498883943282 0.21898895374030566 0.08283759374876425 0.1809323583130605
0 0.7048005482957167 0.042385547124447406 0.08102390340856669 0.0770261083130605
0 0.8266583628267832 0.31265311620989644 0.13873876623205428 0.2507817708808471