0 0.450763474904398 0.3296875 0.24755135145453694 0.09140625
0 0.3356074585081512 0.078125 0.09784827199532424 0.146875
0 0.2314527547738848 0.08515625 0.10630031203728052 0.165625
0 0.12459910352912935 0.0875 0.08478050954776961 0.1703125
0 0.5492439060186403 0.0828125 0.11333156203728052 0.165625
0 0.6782802105827436 0.07421875 0.1315604211654872 0.1484375
0 0.8652949585081512 0.078125 0.11965241701630233 0.15625
0 0.9589991748962703 0.0796875 0.08200165020745942 0.15859375
0 0.3107691273985534 0.51328125 0.12461260415382931 0.18046875
0 0.32082232408384986 0.7078125 0.09962425954776961 0.1703125
0 0.43394132118406487 0.9015625 0.20344615394404783 0.08671875
0 0.42015243093697147 0.97734375 0.2049960759347277 0.0453125
0 0.2313975842563194 0.97109375 0.09344326929603186 0.0578125