0 0.42769931576579934 0.3346419133911337 0.24115678600615773 0.09420617536599848
0 0.3301420179539809 0.08196126137808886 0.08757324375348415 0.14788406401177218
0 0.22549542456983915 0.08777436203054405 0.09471357806243948 0.1667158800127267
0 0.11847781010845859 0.08887269068268108 0.07286584913967835 0.17114884134309044
0 0.5434505390312198 0.08913051340704206 0.10174482806243948 0.1667976960136812
0 0.6730880420562818 0.08204581409131398 0.12117608411256367 0.14983746268299925
0 0.8598295179539809 0.08812473344999464 0.10872153590796181 0.1575045120146357
0 0.9582761083130606 0.09083265746335766 0.08061017144658109 0.15952099801081768
0 0.27486118295765444 0.5164448020369073 0.11198743647369583 0.1817596246817267
0 0.27130543266306684 0.7109215080362711 0.08770959913967831 0.17132156401177207
0 0.37087013718893946 0.905816932049634 0.1973795149289188 0.08900959802672617
0 0.3517797696043009 0.9787709846833174 0.201826120413309 0.04245803063336524
0 0.1634621581679824 0.9717528233410224 0.08939884328594587 0.05649435331795516